LBA - 3714:00 15 00 0C 01 14 02 01 00 00 37 14 00 00 02 82 
LBA - 3715:00 15 00 0C 01 14 02 01 00 00 37 15 00 00 02 83 
LBA - 3716:00 15 00 0C 01 14 02 01 00 00 37 16 00 00 02 84 
LBA - 3717:00 15 00 0C 01 14 02 01 00 00 37 17 00 00 02 85 
LBA - 3718:00 15 00 0C 01 14 02 01 00 00 37 18 00 00 02 86 
LBA - 3719:00 15 00 0C 01 14 02 01 00 00 37 19 00 00 02 87 
LBA - 371A:00 15 00 0C 01 14 02 01 00 00 37 1A 00 00 02 88 
LBA - 371B:00 15 00 0C 01 14 02 01 00 00 37 1B 00 00 02 89 
LBA - 371C:00 15 00 0C 01 14 02 01 00 00 37 1C 00 00 02 8A 
LBA - 371D:00 15 00 0C 01 14 02 01 00 00 37 1D 00 00 02 8B 
LBA - 371E:00 15 00 0C 01 14 02 01 00 00 37 1E 00 00 02 8C 
LBA - 371F:00 15 00 0C 01 14 02 01 00 00 37 1F 00 00 02 8D 
LBA - 3720:00 15 00 0C 01 14 02 01 00 00 37 20 00 00 02 8E 
LBA - 3721:00 15 00 0C 01 14 02 01 00 00 37 21 00 00 02 8F 
LBA - 3722:00 15 00 0C 01 14 02 01 00 00 37 24 00 00 02 92 
LBA - 3723:00 15 00 0C 01 14 02 01 00 00 37 23 00 00 02 91 
LBA - 3724:00 15 00 0C 01 14 02 01 00 00 37 24 00 00 02 92 
LBA - 3725:00 15 00 0C 01 14 02 01 00 00 37 25 00 00 02 93 
LBA - 3726:00 15 00 0C 01 14 02 01 00 00 37 26 00 00 02 94 
LBA - 3727:00 15 00 0C 01 14 02 01 00 00 37 27 00 00 02 95 
LBA - 3728:00 15 00 0C 01 14 02 01 00 00 37 28 00 00 02 96 
LBA - 3729:00 15 00 0C 01 14 02 01 00 00 37 29 00 00 02 97 
LBA - 372A:00 15 00 0C 01 14 02 01 00 00 37 2A 00 00 02 98 
LBA - 372B:00 15 00 0C 01 14 02 01 00 00 37 2B 00 00 02 99 
LBA - 372C:00 15 00 0C 01 14 02 01 00 00 37 2C 00 00 02 9A 
LBA - 372D:00 15 00 0C 01 14 02 01 00 00 37 2D 00 00 02 9B 
LBA - 372E:00 15 00 0C 01 14 02 01 00 00 37 2E 00 00 02 9C 
LBA - 372F:00 15 00 0C 01 14 02 01 00 00 37 2F 00 00 02 9D 
LBA - 3730:00 15 00 0C 01 14 02 01 00 00 37 30 00 00 02 9E 
LBA - 3731:00 15 00 0C 01 14 01 01 00 00 37 33 00 00 37 33 
LBA - 3732:00 15 00 0C 01 14 01 01 00 00 37 33 00 00 37 33 
LBA - 3733:00 15 00 0C 01 14 01 01 00 00 37 33 00 00 37 33 
LBA - 3734:00 15 00 0C 01 14 01 01 00 00 37 34 00 00 37 34 
LBA - 3735:00 15 00 0C 01 14 01 01 00 00 37 35 00 00 37 35 
LBA - 3736:00 15 00 0C 01 14 01 01 00 00 37 36 00 00 37 36 
LBA - 3737:00 15 00 0C 01 14 01 01 00 00 37 37 00 00 37 37 
LBA - 3738:00 15 00 0C 01 14 01 01 00 00 37 38 00 00 37 38 
LBA - 3739:00 15 00 0C 01 14 01 01 00 00 37 39 00 00 37 39 
LBA - 373A:00 15 00 0C 01 14 01 01 00 00 37 3A 00 00 37 3A 
LBA - 373B:00 15 00 0C 01 14 01 01 00 00 37 3B 00 00 37 3B 
LBA - 373C:00 15 00 0C 01 14 01 01 00 00 37 3C 00 00 37 3C 
LBA - 373D:00 15 00 0C 01 14 01 01 00 00 37 3D 00 00 37 3D 
LBA - 373E:00 15 00 0C 01 14 01 01 00 00 37 3E 00 00 37 3E 
LBA - 373F:00 15 00 0C 01 14 01 01 00 00 37 3F 00 00 37 3F 
LBA - 3740:00 15 00 0C 01 14 01 01 00 00 37 40 00 00 37 40 
LBA - 3741:00 15 00 0C 01 14 01 01 00 00 37 41 00 00 37 41 
LBA - 3742:00 15 00 0C 01 14 01 01 00 00 37 44 00 00 37 44 
LBA - 3743:00 15 00 0C 01 14 01 01 00 00 37 43 00 00 37 43 
LBA - 3744:00 15 00 0C 01 14 01 01 00 00 37 44 00 00 37 44 
LBA - 3745:00 15 00 0C 01 14 01 01 00 00 37 45 00 00 37 45 
LBA - 3746:00 15 00 0C 01 14 01 01 00 00 37 46 00 00 37 46 
LBA - 3747:00 15 00 0C 01 14 01 01 00 00 37 47 00 00 37 47 
LBA - 3748:00 15 00 0C 01 14 01 01 00 00 37 48 00 00 37 48 
LBA - 3749:00 15 00 0C 01 14 01 01 00 00 37 49 00 00 37 49 
LBA - 374A:00 15 00 0C 01 14 01 01 00 00 37 4A 00 00 37 4A 
LBA - 374B:00 15 00 0C 01 14 01 01 00 00 37 4B 00 00 37 4B 
LBA - 374C:00 15 00 0C 01 14 01 01 00 00 37 4C 00 00 37 4C 
LBA - 374D:00 15 00 0C 01 14 01 01 00 00 37 4D 00 00 37 4D 
LBA - 374E:00 15 00 0C 01 14 01 01 00 00 37 4E 00 00 37 4E 
LBA - 374F:00 15 00 0C 01 14 01 01 00 00 37 4F 00 00 37 4F 
LBA - 3750:00 15 00 0C 01 14 01 01 00 00 37 50 00 00 37 50 
LBA - 3751:00 15 00 0C 01 14 01 01 00 00 37 51 00 00 37 51 
LBA - 3752:00 15 00 0C 01 14 01 01 00 00 37 52 00 00 37 52 
LBA - 3753:00 15 00 0C 01 14 01 01 00 00 37 53 00 00 37 53 
LBA - 3754:00 15 00 0C 01 14 01 01 00 00 37 54 00 00 37 54 
LBA - 3755:00 15 00 0C 01 14 01 01 00 00 37 55 00 00 37 55 
LBA - 3756:00 15 00 0C 01 14 01 01 00 00 37 56 00 00 37 56 
LBA - 3757:00 15 00 0C 01 14 01 01 00 00 37 57 00 00 37 57 
LBA - 3758:00 15 00 0C 01 14 01 01 00 00 37 58 00 00 37 58 
LBA - 3759:00 15 00 0C 01 14 01 01 00 00 37 59 00 00 37 59 
LBA - 375A:00 15 00 0C 01 14 01 01 00 00 37 5A 00 00 37 5A 
LBA - 375B:00 15 00 0C 01 14 01 01 00 00 37 5B 00 00 37 5B 
LBA - 375C:00 15 00 0C 01 14 01 01 00 00 37 5C 00 00 37 5C 
LBA - 375D:00 15 00 0C 01 14 01 01 00 00 37 5D 00 00 37 5D 
LBA - 375E:00 15 00 0C 01 14 01 01 00 00 37 5E 00 00 37 5E 
LBA - 375F:00 15 00 0C 01 14 01 01 00 00 37 5F 00 00 37 5F 
LBA - 3760:00 15 00 0C 01 14 01 01 00 00 37 60 00 00 37 60 
LBA - 3761:00 15 00 0C 01 14 01 01 00 00 37 61 00 00 37 61 
LBA - 3762:00 15 00 0C 01 14 01 01 00 00 37 62 00 00 37 62 
LBA - 3763:00 15 00 0C 01 14 01 01 00 00 37 63 00 00 37 63 
LBA - 3764:00 15 00 0C 01 14 01 01 00 00 37 64 00 00 37 64 
LBA - 3765:00 15 00 0C 01 14 01 01 00 00 37 65 00 00 37 65 
LBA - 3766:00 15 00 0C 01 14 01 01 00 00 37 66 00 00 37 66 
LBA - 3767:00 15 00 0C 01 14 01 01 00 00 37 67 00 00 37 67 
LBA - 3768:00 15 00 0C 01 14 01 01 00 00 37 68 00 00 37 68 
LBA - 3769:00 15 00 0C 01 14 01 01 00 00 37 69 00 00 37 69 
LBA - 376A:00 15 00 0C 01 14 01 01 00 00 37 6A 00 00 37 6A 
LBA - 376B:00 15 00 0C 01 14 01 01 00 00 37 6B 00 00 37 6B 
LBA - 376C:00 15 00 0C 01 14 01 01 00 00 37 6C 00 00 37 6C 
LBA - 376D:00 15 00 0C 01 14 01 01 00 00 37 6D 00 00 37 6D 
LBA - 376E:00 15 00 0C 01 14 01 01 00 00 37 6E 00 00 37 6E 
LBA - 376F:00 15 00 0C 01 14 01 01 00 00 37 6F 00 00 37 6F 
LBA - 3770:00 15 00 0C 01 14 01 01 00 00 37 70 00 00 37 70 
LBA - 3771:00 15 00 0C 01 14 01 01 00 00 37 71 00 00 37 71 
LBA - 3772:00 15 00 0C 01 14 01 01 00 00 37 72 00 00 37 72 
LBA - 3773:00 15 00 0C 01 14 01 01 00 00 37 73 00 00 37 73 
LBA - 3774:00 15 00 0C 01 14 01 01 00 00 37 74 00 00 37 74 
LBA - 3775:00 15 00 0C 01 14 01 01 00 00 37 75 00 00 37 75 
LBA - 3776:00 15 00 0C 01 14 01 01 00 00 37 76 00 00 37 76 
LBA - 3777:00 15 00 0C 01 14 01 01 00 00 37 77 00 00 37 77 
LBA - 3778:00 15 00 0C 01 14 01 01 00 00 37 78 00 00 37 78 
LBA - 3779:00 15 00 0C 01 14 01 01 00 00 37 79 00 00 37 79 
LBA - 377A:00 15 00 0C 01 14 01 01 00 00 37 7A 00 00 37 7A 
LBA - 377B:00 15 00 0C 01 14 01 01 00 00 37 7B 00 00 37 7B 
LBA - 377C:00 15 00 0C 01 14 01 01 00 00 37 7C 00 00 37 7C 
LBA - 377D:00 15 00 0C 01 14 01 01 00 00 37 7D 00 00 37 7D 
LBA - 377E:00 15 00 0C 01 14 01 01 00 00 37 7E 00 00 37 7E 
LBA - 377F:00 15 00 0C 01 14 01 01 00 00 37 7F 00 00 37 7F 
LBA - 3780:00 15 00 0C 01 14 01 01 00 00 37 80 00 00 37 80 
LBA - 3781:00 15 00 0C 01 14 01 01 00 00 37 81 00 00 37 81 
LBA - 3782:00 15 00 0C 01 14 01 01 00 00 37 82 00 00 37 82 
LBA - 3783:00 15 00 0C 01 14 01 01 00 00 37 83 00 00 37 83 
LBA - 3784:00 15 00 0C 01 14 01 01 00 00 37 84 00 00 37 84 
LBA - 3785:00 15 00 0C 01 14 01 01 00 00 37 85 00 00 37 85 
LBA - 3786:00 15 00 0C 01 14 01 01 00 00 37 86 00 00 37 86 
LBA - 3787:00 15 00 0C 01 14 01 01 00 00 37 87 00 00 37 87 
LBA - 3788:00 15 00 0C 01 14 01 01 00 00 37 88 00 00 37 88 
LBA - 3789:00 15 00 0C 01 14 01 01 00 00 37 89 00 00 37 89 
LBA - 378A:00 15 00 0C 01 14 01 01 00 00 37 8A 00 00 37 8A 
LBA - 378B:00 15 00 0C 01 14 01 01 00 00 37 8B 00 00 37 8B 
LBA - 378C:00 15 00 0C 01 14 01 01 00 00 37 8C 00 00 37 8C 
LBA - 378D:00 15 00 0C 01 14 01 01 00 00 37 8D 00 00 37 8D 
LBA - 378E:00 15 00 0C 01 14 01 01 00 00 37 8E 00 00 37 8E 
LBA - 378F:00 15 00 0C 01 14 01 01 00 00 37 8F 00 00 37 8F 
LBA - 3790:00 15 00 0C 01 14 01 01 00 00 37 90 00 00 37 90 
LBA - 3791:00 15 00 0C 01 14 01 01 00 00 37 91 00 00 37 91 
LBA - 3792:00 15 00 0C 01 14 01 01 00 00 37 92 00 00 37 92 
LBA - 3793:00 15 00 0C 01 14 01 01 00 00 37 93 00 00 37 93 
LBA - 3794:00 15 00 0C 01 14 01 01 00 00 37 94 00 00 37 94 
LBA - 3795:00 15 00 0C 01 14 01 01 00 00 37 95 00 00 37 95 
LBA - 3796:00 15 00 0C 01 14 01 01 00 00 37 96 00 00 37 96 
LBA - 3797:00 15 00 0C 01 14 01 01 00 00 37 97 00 00 37 97 
LBA - 3798:00 15 00 0C 01 14 01 01 00 00 37 98 00 00 37 98 
LBA - 3799:00 15 00 0C 01 14 01 01 00 00 37 99 00 00 37 99 
LBA - 379A:00 15 00 0C 01 14 01 01 00 00 37 9A 00 00 37 9A 
LBA - 379B:00 15 00 0C 01 14 01 01 00 00 37 9B 00 00 37 9B 
LBA - 379C:00 15 00 0C 01 14 01 01 00 00 37 9C 00 00 37 9C 
LBA - 379D:00 15 00 0C 01 14 01 01 00 00 37 9D 00 00 37 9D 
LBA - 379E:00 15 00 0C 01 14 01 01 00 00 37 9E 00 00 37 9E 
LBA - 379F:00 15 00 0C 01 14 01 01 00 00 37 9F 00 00 37 9F 
LBA - 37A0:00 15 00 0C 01 14 01 01 00 00 37 A0 00 00 37 A0 
LBA - 37A1:00 15 00 0C 01 14 01 01 00 00 37 A1 00 00 37 A1 
LBA - 37A2:00 15 00 0C 01 14 01 01 00 00 37 A2 00 00 37 A2 
LBA - 37A3:00 15 00 0C 01 14 01 01 00 00 37 A3 00 00 37 A3 
LBA - 37A4:00 15 00 0C 01 14 01 01 00 00 37 A4 00 00 37 A4 
LBA - 37A5:00 15 00 0C 01 14 01 01 00 00 37 A5 00 00 37 A5 
LBA - 37A6:00 15 00 0C 01 14 01 01 00 00 37 A6 00 00 37 A6 
LBA - 37A7:00 15 00 0C 01 14 01 01 00 00 37 A7 00 00 37 A7 
LBA - 37A8:00 15 00 0C 01 14 01 01 00 00 37 A8 00 00 37 A8 
LBA - 37A9:00 15 00 0C 01 14 01 01 00 00 37 A9 00 00 37 A9 
LBA - 37AA:00 15 00 0C 01 14 01 01 00 00 37 AA 00 00 37 AA 
LBA - 37AB:00 15 00 0C 01 14 01 01 00 00 37 AB 00 00 37 AB 
LBA - 37AC:00 15 00 0C 01 14 01 01 00 00 37 AC 00 00 37 AC 
LBA - 37AD:00 15 00 0C 01 14 01 01 00 00 37 AD 00 00 37 AD 
LBA - 37AE:00 15 00 0C 01 14 01 01 00 00 37 AE 00 00 37 AE 
LBA - 37AF:00 15 00 0C 01 14 01 01 00 00 37 AF 00 00 37 AF 
LBA - 37B0:00 15 00 0C 01 14 01 01 00 00 37 B0 00 00 37 B0 
LBA - 37B1:00 15 00 0C 01 14 01 01 00 00 37 B1 00 00 37 B1 
LBA - 37B2:00 15 00 0C 01 14 01 01 00 00 37 B2 00 00 37 B2 
LBA - 37B3:00 15 00 0C 01 14 01 01 00 00 37 B3 00 00 37 B3 
LBA - 37B4:00 15 00 0C 01 14 01 01 00 00 37 B4 00 00 37 B4 
LBA - 37B5:00 15 00 0C 01 14 01 01 00 00 37 B5 00 00 37 B5 
LBA - 37B6:00 15 00 0C 01 14 01 01 00 00 37 B6 00 00 37 B6 
LBA - 37B7:00 15 00 0C 01 14 01 01 00 00 37 B7 00 00 37 B7 
LBA - 37B8:00 15 00 0C 01 14 01 01 00 00 37 B8 00 00 37 B8 
LBA - 37B9:00 15 00 0C 01 14 01 01 00 00 37 B9 00 00 37 B9 
LBA - 37BA:00 15 00 0C 01 14 01 01 00 00 37 BA 00 00 37 BA 
LBA - 37BB:00 15 00 0C 01 14 01 01 00 00 37 BB 00 00 37 BB 
LBA - 37BC:00 15 00 0C 01 14 01 01 00 00 37 BC 00 00 37 BC 
LBA - 37BD:00 15 00 0C 01 14 01 01 00 00 37 BD 00 00 37 BD 
LBA - 37BE:00 15 00 0C 01 14 01 01 00 00 37 BE 00 00 37 BE 
LBA - 37BF:00 15 00 0C 01 14 01 01 00 00 37 BF 00 00 37 BF 
LBA - 37C0:00 15 00 0C 01 14 01 01 00 00 37 C0 00 00 37 C0 
LBA - 37C1:00 15 00 0C 01 14 01 01 00 00 37 C1 00 00 37 C1 
LBA - 37C2:00 15 00 0C 01 14 01 01 00 00 37 C2 00 00 37 C2 
LBA - 37C3:00 15 00 0C 01 14 01 01 00 00 37 C3 00 00 37 C3 
LBA - 37C4:00 15 00 0C 01 14 01 01 00 00 37 C4 00 00 37 C4 
LBA - 37C5:00 15 00 0C 01 14 01 01 00 00 37 C5 00 00 37 C5 
LBA - 37C6:00 15 00 0C 01 14 01 01 00 00 37 C6 00 00 37 C6 
LBA - 37C7:00 15 00 0C 01 14 01 01 00 00 37 C7 00 00 37 C7 
LBA - 37C8:00 15 00 0C 01 14 01 01 00 00 37 C8 00 00 37 C8 
LBA - 37C9:00 15 00 0C 01 14 01 01 00 00 37 C9 00 00 37 C9 
LBA - 37CA:00 15 00 0C 01 14 01 01 00 00 37 CA 00 00 37 CA 
LBA - 37CB:00 15 00 0C 01 14 01 01 00 00 37 CB 00 00 37 CB 
LBA - 37CC:00 15 00 0C 01 14 01 01 00 00 37 CC 00 00 37 CC 
LBA - 37CD:00 15 00 0C 01 14 01 01 00 00 37 CD 00 00 37 CD 
LBA - 37CE:00 15 00 0C 01 14 01 01 00 00 37 CE 00 00 37 CE 
LBA - 37CF:00 15 00 0C 01 14 01 01 00 00 37 CF 00 00 37 CF 
LBA - 37D0:00 15 00 0C 01 14 01 01 00 00 37 D0 00 00 37 D0 
LBA - 37D1:00 15 00 0C 01 14 01 01 00 00 37 D1 00 00 37 D1 
LBA - 37D2:00 15 00 0C 01 14 01 01 00 00 37 D2 00 00 37 D2 
LBA - 37D3:00 15 00 0C 01 14 01 01 00 00 37 D3 00 00 37 D3 
LBA - 37D4:00 15 00 0C 01 14 01 01 00 00 37 D4 00 00 37 D4 
LBA - 37D5:00 15 00 0C 01 14 01 01 00 00 37 D5 00 00 37 D5 
LBA - 37D6:00 15 00 0C 01 14 01 01 00 00 37 D6 00 00 37 D6 
LBA - 37D7:00 15 00 0C 01 14 01 01 00 00 37 D7 00 00 37 D7 
LBA - 37D8:00 15 00 0C 01 14 01 01 00 00 37 D8 00 00 37 D8 
LBA - 37D9:00 15 00 0C 01 14 01 01 00 00 37 D9 00 00 37 D9 
LBA - 37DA:00 15 00 0C 01 14 01 01 00 00 37 DA 00 00 37 DA 
LBA - 37DB:00 15 00 0C 01 14 01 01 00 00 37 DB 00 00 37 DB 
LBA - 37DC:00 15 00 0C 01 14 01 01 00 00 37 DC 00 00 37 DC 
