[cactus]-(height 40 width 16)
-4390.292,3786.767,239.892
-2960.786,4097.571,300.08
-2756.081,3782.469,307.234
-2691.215,3905.612,310.752
-1785.04,2647.612,297.931
-1646.96,2554.684,297.931
-1628.274,2622.762,270.326
1898.162,3143.714,137.17
1760.083,3236.642,107.794
1916.848,3211.793,124.758
3364.444,3309.786,183.653
3484.247,3413.903,178.942
3524.387,3355.829,169.874
-807.272,1539.822,165.017
-771.824,1561.163,163.32
-927.075,1435.706,157.857
-3105.056,-35.784,276.949
-3288.187,-115.189,277.558
-3144.918,-46.875,278.647
-3076.282,-284.853,262.853
-3001.319,-380.442,244.681
3126.354,-2936.194,132.951
2979.706,-2996.916,126.085
2923.619,-2755.673,108.876
2853.761,-2656.291,98.743
2939.318,-3005.906,124.388
-2586.703,-3447.689,276.818
3677.763,-1747.402,70.988
3570.609,-1804.628,79.135
-2582.702,-3488.871,275.12
-2629.101,-3294.734,283.324
-4293.004,-3434.33,278.633
-4252.864,-3492.404,252.747
-4412.807,-3538.447,263.354
2752.094,-1262.304,211.939

[oilpump]-(height 60 width 85)
-3049.729,3878.946,336.203
-3049.729,-975.644,290.613
698.073,250.937,184.689
614.533,455.956,187.359
940.765,-4205.307,426.702
722.397,-4205.307,426.702
801.486,-4083.724,415.821

[oilderek]-(height 240 width 220)
-4296.229,3627.878,231.801
1360.518,-3658.148,300.934
1428.022,-3075.957,267.139
2268.563,-3294.498,111.491
3527.675,3595.486,176.18
3569.022,-3975.922,188.007
4046.759,-3792.589,191.288
4238.154,-3038.788,157.458
-1810.987,-3038.788,395.871
-1810.987,-2304.347,352.821
0.502,-1943.585,400.7
-1810.987,-1640.971,265.51
2397.866,316.528,105.381
2048.311,-153.913,134.138
1862.796,982.387,38.536
1077.277,2222.747,123.345
571.879,2302.844,133.847
29.225,1745.731,139.702

[powerup]-(weapon)
-2618.417,3138.102
-3794.505,-1523.437
-200.587,-2102.822
1892.007,67.982

[powerup]-(armor)
1892.632,2703.095
-3622.903,1883.032
1875.931,-2818.969

[powerup]-(speed)
-1959.729,-414.178
83.17,1563.518

[base]-(height 145 z 155.673)
-48.533,1359.662,-58.781,1315.104
-48.442,1162.7,-58.734,1118.162
-58.734,1359.662,-337.277,1349.642
-58.734,1128.204,-337.277,1118.162
-337.277,1359.662,-347.802,1118.162
