			*MESH_VERTEX    0	-5000.0000	-5000.0000	1000.0000
			*MESH_VERTEX    1	-4500.0005	-5000.0000	1000.0000
			*MESH_VERTEX    2	-4000.0000	-5000.0005	1000.0000
			*MESH_VERTEX    3	-3500.0002	-5000.0000	1000.0000
			*MESH_VERTEX    4	-3000.0002	-5000.0000	1000.0000
			*MESH_VERTEX    5	-2500.0000	-5000.0000	1000.0000
			*MESH_VERTEX    6	-2000.0000	-5000.0000	1000.0000
			*MESH_VERTEX    7	-1500.0001	-5000.0005	1000.0000
			*MESH_VERTEX    8	-1000.0000	-5000.0000	1000.0000
			*MESH_VERTEX    9	-500.0000	-5000.0000	1000.0000
			*MESH_VERTEX   10	0.0000	-5000.0000	1000.0000
			*MESH_VERTEX   11	500.0000	-5000.0000	1000.0000
			*MESH_VERTEX   12	1000.0000	-5000.0005	1000.0000
			*MESH_VERTEX   13	1500.0001	-5000.0000	1000.0000
			*MESH_VERTEX   14	2000.0000	-5000.0000	1000.0000
			*MESH_VERTEX   15	2500.0000	-5000.0000	1000.0000
			*MESH_VERTEX   16	3000.0002	-5000.0000	1000.0000
			*MESH_VERTEX   17	3500.0000	-5000.0005	1000.0000
			*MESH_VERTEX   18	4000.0000	-5000.0000	1000.0000
			*MESH_VERTEX   19	4500.0005	-5000.0000	1000.0000
			*MESH_VERTEX   20	5000.0000	-5000.0000	1000.0000
			*MESH_VERTEX   21	-5000.0000	-4500.0005	1000.0000
			*MESH_VERTEX   22	-4500.0000	-4500.0000	1000.0000
			*MESH_VERTEX   23	-4000.0002	-4500.0000	1000.0000
			*MESH_VERTEX   24	-3500.0002	-4500.0000	1000.0000
			*MESH_VERTEX   25	-3000.0000	-4500.0000	1000.0000
			*MESH_VERTEX   26	-2500.0000	-4500.0005	1000.0000
			*MESH_VERTEX   27	-2000.0000	-4500.0000	1000.0000
			*MESH_VERTEX   28	-1500.0001	-4500.0000	1000.0000
			*MESH_VERTEX   29	-1000.0001	-4500.0000	1000.0000
			*MESH_VERTEX   30	-500.0000	-4500.0000	1000.0000
			*MESH_VERTEX   31	0.0000	-4500.0005	1000.0000
			*MESH_VERTEX   32	500.0000	-4500.0000	1000.0000
			*MESH_VERTEX   33	1000.0001	-4500.0000	1000.0000
			*MESH_VERTEX   34	1500.0001	-4500.0000	1000.0000
			*MESH_VERTEX   35	2000.0000	-4500.0000	1000.0000
			*MESH_VERTEX   36	2500.0002	-4500.0005	1000.0000
			*MESH_VERTEX   37	3000.0000	-4500.0000	1000.0000
			*MESH_VERTEX   38	3500.0000	-4500.0000	1000.0000
			*MESH_VERTEX   39	4000.0002	-4500.0000	1000.0000
			*MESH_VERTEX   40	4500.0000	-4500.0000	1000.0000
			*MESH_VERTEX   41	5000.0000	-4500.0005	1000.0000
			*MESH_VERTEX   42	-5000.0000	-4000.0000	1000.0000
			*MESH_VERTEX   43	-4500.0000	-4000.0002	176.4706
			*MESH_VERTEX   44	-4000.0002	-4000.0000	152.9412
			*MESH_VERTEX   45	-3500.0000	-4000.0002	172.5490
			*MESH_VERTEX   46	-3000.0002	-4000.0002	192.1569
			*MESH_VERTEX   47	-2500.0000	-4000.0000	247.0588
			*MESH_VERTEX   48	-2000.0001	-4000.0002	509.8039
			*MESH_VERTEX   49	-1500.0000	-4000.0000	541.1765
			*MESH_VERTEX   50	-1000.0000	-4000.0002	572.5490
			*MESH_VERTEX   51	-500.0000	-4000.0002	564.7059
			*MESH_VERTEX   52	0.0000	-4000.0000	568.6274
			*MESH_VERTEX   53	500.0000	-4000.0002	505.8824
			*MESH_VERTEX   54	1000.0001	-4000.0000	364.7059
			*MESH_VERTEX   55	1500.0000	-4000.0002	294.1176
			*MESH_VERTEX   56	2000.0001	-4000.0002	215.6863
			*MESH_VERTEX   57	2500.0000	-4000.0000	145.0980
			*MESH_VERTEX   58	3000.0002	-4000.0002	411.7647
			*MESH_VERTEX   59	3500.0002	-4000.0000	525.4902
			*MESH_VERTEX   60	4000.0000	-4000.0002	419.6078
			*MESH_VERTEX   61	4500.0000	-4000.0002	1000.0000
			*MESH_VERTEX   62	5000.0005	-4000.0000	1000.0000
			*MESH_VERTEX   63	-5000.0005	-3500.0000	1000.0000
			*MESH_VERTEX   64	-4500.0000	-3500.0000	298.0392
			*MESH_VERTEX   65	-4000.0000	-3500.0002	137.2549
			*MESH_VERTEX   66	-3500.0002	-3500.0000	152.9412
			*MESH_VERTEX   67	-3000.0002	-3500.0002	184.3137
			*MESH_VERTEX   68	-2500.0000	-3500.0000	207.8431
			*MESH_VERTEX   69	-2000.0001	-3500.0000	474.5098
			*MESH_VERTEX   70	-1500.0000	-3500.0002	580.3922
			*MESH_VERTEX   71	-1000.0000	-3500.0000	564.7059
			*MESH_VERTEX   72	-500.0000	-3500.0002	552.9412
			*MESH_VERTEX   73	0.0000	-3500.0000	545.0980
			*MESH_VERTEX   74	500.0000	-3500.0000	403.9216
			*MESH_VERTEX   75	1000.0000	-3500.0002	349.0196
			*MESH_VERTEX   76	1500.0000	-3500.0000	274.5098
			*MESH_VERTEX   77	2000.0001	-3500.0002	172.5490
			*MESH_VERTEX   78	2500.0000	-3500.0002	172.5490
			*MESH_VERTEX   79	3000.0002	-3500.0000	419.6078
			*MESH_VERTEX   80	3500.0000	-3500.0002	549.0196
			*MESH_VERTEX   81	4000.0002	-3500.0000	447.0588
			*MESH_VERTEX   82	4500.0000	-3500.0002	1000.0000
			*MESH_VERTEX   83	5000.0000	-3500.0002	1000.0000
			*MESH_VERTEX   84	-5000.0000	-3000.0002	1000.0000
			*MESH_VERTEX   85	-4500.0000	-3000.0000	325.4902
			*MESH_VERTEX   86	-4000.0002	-3000.0002	203.9216
			*MESH_VERTEX   87	-3500.0000	-3000.0002	113.7255
			*MESH_VERTEX   88	-3000.0000	-3000.0000	149.0196
			*MESH_VERTEX   89	-2500.0002	-3000.0002	294.1176
			*MESH_VERTEX   90	-2000.0000	-3000.0000	349.0196
			*MESH_VERTEX   91	-1500.0001	-3000.0002	588.2353
			*MESH_VERTEX   92	-1000.0001	-3000.0002	584.3137
			*MESH_VERTEX   93	-500.0000	-3000.0000	552.9412
			*MESH_VERTEX   94	0.0000	-3000.0002	474.5098
			*MESH_VERTEX   95	500.0000	-3000.0000	360.7843
			*MESH_VERTEX   96	1000.0001	-3000.0002	266.6667
			*MESH_VERTEX   97	1500.0001	-3000.0002	305.8824
			*MESH_VERTEX   98	2000.0001	-3000.0000	211.7647
			*MESH_VERTEX   99	2500.0000	-3000.0002	223.5294
			*MESH_VERTEX  100	3000.0000	-3000.0000	431.3725
			*MESH_VERTEX  101	3500.0002	-3000.0002	549.0196
			*MESH_VERTEX  102	4000.0002	-3000.0002	478.4314
			*MESH_VERTEX  103	4500.0000	-3000.0000	1000.0000
			*MESH_VERTEX  104	5000.0000	-3000.0002	1000.0000
			*MESH_VERTEX  105	-5000.0000	-2500.0000	1000.0000
			*MESH_VERTEX  106	-4500.0005	-2500.0002	411.7647
			*MESH_VERTEX  107	-4000.0000	-2500.0000	305.8824
			*MESH_VERTEX  108	-3500.0002	-2500.0000	133.3333
			*MESH_VERTEX  109	-3000.0002	-2500.0000	160.7843
			*MESH_VERTEX  110	-2500.0000	-2500.0000	290.1961
			*MESH_VERTEX  111	-2000.0000	-2500.0002	337.2549
			*MESH_VERTEX  112	-1500.0001	-2500.0000	545.0980
			*MESH_VERTEX  113	-1000.0000	-2500.0000	580.3922
			*MESH_VERTEX  114	-500.0000	-2500.0000	517.6470
			*MESH_VERTEX  115	0.0000	-2500.0000	392.1569
			*MESH_VERTEX  116	500.0000	-2500.0002	270.5882
			*MESH_VERTEX  117	1000.0000	-2500.0000	239.2157
			*MESH_VERTEX  118	1500.0001	-2500.0000	349.0196
			*MESH_VERTEX  119	2000.0000	-2500.0000	196.0784
			*MESH_VERTEX  120	2500.0000	-2500.0000	282.3529
			*MESH_VERTEX  121	3000.0002	-2500.0002	486.2745
			*MESH_VERTEX  122	3500.0000	-2500.0000	549.0196
			*MESH_VERTEX  123	4000.0000	-2500.0000	486.2745
			*MESH_VERTEX  124	4500.0005	-2500.0000	1000.0000
			*MESH_VERTEX  125	5000.0000	-2500.0000	1000.0000
			*MESH_VERTEX  126	-5000.0000	-2000.0000	1000.0000
			*MESH_VERTEX  127	-4500.0000	-2000.0000	447.0588
			*MESH_VERTEX  128	-4000.0002	-2000.0001	305.8824
			*MESH_VERTEX  129	-3500.0002	-2000.0001	145.0980
			*MESH_VERTEX  130	-3000.0000	-2000.0001	203.9216
			*MESH_VERTEX  131	-2500.0000	-2000.0000	247.0588
			*MESH_VERTEX  132	-2000.0001	-2000.0000	329.4118
			*MESH_VERTEX  133	-1500.0001	-2000.0001	470.5882
			*MESH_VERTEX  134	-1000.0001	-2000.0001	556.8627
			*MESH_VERTEX  135	-500.0000	-2000.0001	396.0784
			*MESH_VERTEX  136	0.0000	-2000.0000	337.2549
			*MESH_VERTEX  137	500.0000	-2000.0000	200.0000
			*MESH_VERTEX  138	1000.0001	-2000.0001	317.6471
			*MESH_VERTEX  139	1500.0001	-2000.0001	258.8235
			*MESH_VERTEX  140	2000.0000	-2000.0001	203.9216
			*MESH_VERTEX  141	2500.0002	-2000.0000	376.4706
			*MESH_VERTEX  142	3000.0000	-2000.0000	490.1961
			*MESH_VERTEX  143	3500.0000	-2000.0001	545.0980
			*MESH_VERTEX  144	4000.0002	-2000.0001	482.3529
			*MESH_VERTEX  145	4500.0000	-2000.0000	1000.0000
			*MESH_VERTEX  146	5000.0000	-2000.0000	1000.0000
			*MESH_VERTEX  147	-5000.0000	-1500.0001	1000.0000
			*MESH_VERTEX  148	-4500.0000	-1500.0001	466.6667
			*MESH_VERTEX  149	-4000.0002	-1500.0000	270.5882
			*MESH_VERTEX  150	-3500.0000	-1500.0000	133.3333
			*MESH_VERTEX  151	-3000.0002	-1500.0001	196.0784
			*MESH_VERTEX  152	-2500.0000	-1500.0001	156.8627
			*MESH_VERTEX  153	-2000.0001	-1500.0001	270.5882
			*MESH_VERTEX  154	-1500.0000	-1500.0000	411.7647
			*MESH_VERTEX  155	-1000.0000	-1500.0000	498.0392
			*MESH_VERTEX  156	-500.0000	-1500.0001	349.0196
			*MESH_VERTEX  157	0.0000	-1500.0001	203.9216
			*MESH_VERTEX  158	500.0000	-1500.0001	258.8235
			*MESH_VERTEX  159	1000.0001	-1500.0000	329.4118
			*MESH_VERTEX  160	1500.0000	-1500.0000	270.5882
			*MESH_VERTEX  161	2000.0001	-1500.0001	309.8039
			*MESH_VERTEX  162	2500.0000	-1500.0001	454.9019
			*MESH_VERTEX  163	3000.0002	-1500.0001	450.9804
			*MESH_VERTEX  164	3500.0002	-1500.0000	498.0392
			*MESH_VERTEX  165	4000.0000	-1500.0000	474.5098
			*MESH_VERTEX  166	4500.0000	-1500.0001	1000.0000
			*MESH_VERTEX  167	5000.0005	-1500.0001	1000.0000
			*MESH_VERTEX  168	-5000.0005	-1000.0000	1000.0000
			*MESH_VERTEX  169	-4500.0000	-1000.0001	458.8235
			*MESH_VERTEX  170	-4000.0000	-1000.0001	258.8235
			*MESH_VERTEX  171	-3500.0002	-1000.0000	137.2549
			*MESH_VERTEX  172	-3000.0002	-1000.0001	196.0784
			*MESH_VERTEX  173	-2500.0000	-1000.0000	149.0196
			*MESH_VERTEX  174	-2000.0001	-1000.0001	207.8431
			*MESH_VERTEX  175	-1500.0000	-1000.0001	380.3922
			*MESH_VERTEX  176	-1000.0001	-1000.0000	494.1176
			*MESH_VERTEX  177	-500.0000	-1000.0001	325.4902
			*MESH_VERTEX  178	0.0000	-1000.0000	188.2353
			*MESH_VERTEX  179	500.0000	-1000.0001	254.9020
			*MESH_VERTEX  180	1000.0000	-1000.0001	317.6471
			*MESH_VERTEX  181	1500.0000	-1000.0000	274.5098
			*MESH_VERTEX  182	2000.0001	-1000.0001	376.4706
			*MESH_VERTEX  183	2500.0000	-1000.0000	509.8039
			*MESH_VERTEX  184	3000.0002	-1000.0001	450.9804
			*MESH_VERTEX  185	3500.0000	-1000.0000	447.0588
			*MESH_VERTEX  186	4000.0002	-1000.0000	454.9019
			*MESH_VERTEX  187	4500.0000	-1000.0001	1000.0000
			*MESH_VERTEX  188	5000.0000	-1000.0000	1000.0000
			*MESH_VERTEX  189	-5000.0000	-500.0000	1000.0000
			*MESH_VERTEX  190	-4500.0000	-500.0000	423.5294
			*MESH_VERTEX  191	-4000.0002	-500.0000	262.7451
			*MESH_VERTEX  192	-3500.0000	-500.0000	121.5686
			*MESH_VERTEX  193	-3000.0000	-500.0000	188.2353
			*MESH_VERTEX  194	-2500.0002	-500.0000	133.3333
			*MESH_VERTEX  195	-2000.0000	-500.0000	160.7843
			*MESH_VERTEX  196	-1500.0001	-500.0000	286.2745
			*MESH_VERTEX  197	-1000.0001	-500.0000	517.6470
			*MESH_VERTEX  198	-500.0000	-500.0000	309.8039
			*MESH_VERTEX  199	0.0000	-500.0000	188.2353
			*MESH_VERTEX  200	500.0000	-500.0000	250.9804
			*MESH_VERTEX  201	1000.0001	-500.0000	243.1373
			*MESH_VERTEX  202	1500.0001	-500.0000	254.9020
			*MESH_VERTEX  203	2000.0001	-500.0000	384.3137
			*MESH_VERTEX  204	2500.0000	-500.0000	525.4902
			*MESH_VERTEX  205	3000.0000	-500.0000	450.9804
			*MESH_VERTEX  206	3500.0002	-500.0000	466.6667
			*MESH_VERTEX  207	4000.0002	-500.0000	533.3333
			*MESH_VERTEX  208	4500.0000	-500.0000	1000.0000
			*MESH_VERTEX  209	5000.0000	-500.0000	1000.0000
			*MESH_VERTEX  210	-5000.0000	0.0000	1000.0000
			*MESH_VERTEX  211	-4500.0005	0.0000	466.6667
			*MESH_VERTEX  212	-4000.0000	0.0000	262.7451
			*MESH_VERTEX  213	-3500.0000	0.0000	152.9412
			*MESH_VERTEX  214	-3000.0002	0.0000	207.8431
			*MESH_VERTEX  215	-2500.0000	0.0000	152.9412
			*MESH_VERTEX  216	-2000.0000	0.0000	164.7059
			*MESH_VERTEX  217	-1500.0001	0.0000	231.3725
			*MESH_VERTEX  218	-1000.0000	0.0000	431.3725
			*MESH_VERTEX  219	-500.0000	0.0000	266.6667
			*MESH_VERTEX  220	0.0000	0.0000	227.4510
			*MESH_VERTEX  221	500.0000	0.0000	266.6667
			*MESH_VERTEX  222	1000.0000	0.0000	219.6078
			*MESH_VERTEX  223	1500.0001	0.0000	278.4314
			*MESH_VERTEX  224	2000.0000	0.0000	352.9412
			*MESH_VERTEX  225	2500.0000	0.0000	505.8824
			*MESH_VERTEX  226	3000.0002	0.0000	478.4314
			*MESH_VERTEX  227	3500.0000	0.0000	501.9608
			*MESH_VERTEX  228	4000.0000	0.0000	600.0000
			*MESH_VERTEX  229	4500.0005	0.0000	1000.0000
			*MESH_VERTEX  230	5000.0000	0.0000	996.0784
			*MESH_VERTEX  231	-5000.0000	500.0000	1000.0000
			*MESH_VERTEX  232	-4500.0000	500.0000	454.9019
			*MESH_VERTEX  233	-4000.0002	500.0000	290.1961
			*MESH_VERTEX  234	-3500.0002	500.0000	149.0196
			*MESH_VERTEX  235	-3000.0000	500.0000	168.6274
			*MESH_VERTEX  236	-2500.0000	500.0000	188.2353
			*MESH_VERTEX  237	-2000.0001	500.0000	152.9412
			*MESH_VERTEX  238	-1500.0001	500.0000	211.7647
			*MESH_VERTEX  239	-1000.0001	500.0000	329.4118
			*MESH_VERTEX  240	-500.0000	500.0000	282.3529
			*MESH_VERTEX  241	0.0000	500.0000	250.9804
			*MESH_VERTEX  242	500.0000	500.0000	250.9804
			*MESH_VERTEX  243	1000.0001	500.0000	223.5294
			*MESH_VERTEX  244	1500.0001	500.0000	278.4314
			*MESH_VERTEX  245	2000.0000	500.0000	349.0196
			*MESH_VERTEX  246	2500.0002	500.0000	486.2745
			*MESH_VERTEX  247	3000.0000	500.0000	505.8824
			*MESH_VERTEX  248	3500.0000	500.0000	588.2353
			*MESH_VERTEX  249	4000.0002	500.0000	682.3529
			*MESH_VERTEX  250	4500.0000	500.0000	1000.0000
			*MESH_VERTEX  251	5000.0000	500.0000	1000.0000
			*MESH_VERTEX  252	-5000.0000	1000.0000	1000.0000
			*MESH_VERTEX  253	-4500.0000	1000.0001	521.5686
			*MESH_VERTEX  254	-4000.0002	1000.0000	317.6471
			*MESH_VERTEX  255	-3500.0000	1000.0000	168.6274
			*MESH_VERTEX  256	-3000.0002	1000.0001	129.4118
			*MESH_VERTEX  257	-2500.0000	1000.0000	250.9804
			*MESH_VERTEX  258	-2000.0001	1000.0001	176.4706
			*MESH_VERTEX  259	-1500.0000	1000.0000	188.2353
			*MESH_VERTEX  260	-1000.0000	1000.0001	239.2157
			*MESH_VERTEX  261	-500.0000	1000.0001	266.6667
			*MESH_VERTEX  262	0.0000	1000.0000	258.8235
			*MESH_VERTEX  263	500.0000	1000.0001	266.6667
			*MESH_VERTEX  264	1000.0001	1000.0000	250.9804
			*MESH_VERTEX  265	1500.0000	1000.0001	309.8039
			*MESH_VERTEX  266	2000.0001	1000.0001	384.3137
			*MESH_VERTEX  267	2500.0000	1000.0000	486.2745
			*MESH_VERTEX  268	3000.0002	1000.0001	529.4117
			*MESH_VERTEX  269	3500.0002	1000.0000	662.7451
			*MESH_VERTEX  270	4000.0000	1000.0001	725.4902
			*MESH_VERTEX  271	4500.0000	1000.0001	1000.0000
			*MESH_VERTEX  272	5000.0005	1000.0000	1000.0000
			*MESH_VERTEX  273	-5000.0005	1500.0001	1000.0000
			*MESH_VERTEX  274	-4500.0000	1500.0001	552.9412
			*MESH_VERTEX  275	-4000.0000	1500.0000	419.6078
			*MESH_VERTEX  276	-3500.0002	1500.0000	290.1961
			*MESH_VERTEX  277	-3000.0002	1500.0001	145.0980
			*MESH_VERTEX  278	-2500.0000	1500.0001	160.7843
			*MESH_VERTEX  279	-2000.0001	1500.0001	200.0000
			*MESH_VERTEX  280	-1500.0000	1500.0000	215.6863
			*MESH_VERTEX  281	-1000.0001	1500.0000	156.8627
			*MESH_VERTEX  282	-500.0000	1500.0001	172.5490
			*MESH_VERTEX  283	0.0000	1500.0001	223.5294
			*MESH_VERTEX  284	500.0000	1500.0001	266.6667
			*MESH_VERTEX  285	1000.0000	1500.0000	282.3529
			*MESH_VERTEX  286	1500.0000	1500.0000	278.4314
			*MESH_VERTEX  287	2000.0001	1500.0001	423.5294
			*MESH_VERTEX  288	2500.0000	1500.0001	498.0392
			*MESH_VERTEX  289	3000.0002	1500.0001	541.1765
			*MESH_VERTEX  290	3500.0000	1500.0000	705.8823
			*MESH_VERTEX  291	4000.0002	1500.0000	729.4117
			*MESH_VERTEX  292	4500.0000	1500.0001	1000.0000
			*MESH_VERTEX  293	5000.0000	1500.0001	1000.0000
			*MESH_VERTEX  294	-5000.0000	2000.0000	1000.0000
			*MESH_VERTEX  295	-4500.0000	2000.0000	541.1765
			*MESH_VERTEX  296	-4000.0002	2000.0001	505.8824
			*MESH_VERTEX  297	-3500.0000	2000.0001	380.3922
			*MESH_VERTEX  298	-3000.0000	2000.0000	250.9804
			*MESH_VERTEX  299	-2500.0002	2000.0000	145.0980
			*MESH_VERTEX  300	-2000.0000	2000.0001	152.9412
			*MESH_VERTEX  301	-1500.0001	2000.0001	176.4706
			*MESH_VERTEX  302	-1000.0001	2000.0001	192.1569
			*MESH_VERTEX  303	-500.0000	2000.0000	215.6863
			*MESH_VERTEX  304	0.0000	2000.0000	184.3137
			*MESH_VERTEX  305	500.0000	2000.0001	223.5294
			*MESH_VERTEX  306	1000.0001	2000.0001	247.0588
			*MESH_VERTEX  307	1500.0001	2000.0001	286.2745
			*MESH_VERTEX  308	2000.0001	2000.0000	360.7843
			*MESH_VERTEX  309	2500.0000	2000.0000	482.3529
			*MESH_VERTEX  310	3000.0000	2000.0001	458.8235
			*MESH_VERTEX  311	3500.0002	2000.0001	654.9020
			*MESH_VERTEX  312	4000.0002	2000.0001	725.4902
			*MESH_VERTEX  313	4500.0000	2000.0000	1000.0000
			*MESH_VERTEX  314	5000.0000	2000.0000	1000.0000
			*MESH_VERTEX  315	-5000.0000	2500.0000	1000.0000
			*MESH_VERTEX  316	-4500.0005	2500.0000	600.0000
			*MESH_VERTEX  317	-4000.0000	2500.0000	588.2353
			*MESH_VERTEX  318	-3500.0000	2500.0000	490.1961
			*MESH_VERTEX  319	-3000.0002	2500.0002	270.5882
			*MESH_VERTEX  320	-2500.0000	2500.0000	235.2941
			*MESH_VERTEX  321	-2000.0000	2500.0000	211.7647
			*MESH_VERTEX  322	-1500.0001	2500.0000	156.8627
			*MESH_VERTEX  323	-1000.0000	2500.0000	149.0196
			*MESH_VERTEX  324	-500.0000	2500.0002	203.9216
			*MESH_VERTEX  325	0.0000	2500.0000	317.6471
			*MESH_VERTEX  326	500.0000	2500.0000	313.7255
			*MESH_VERTEX  327	1000.0000	2500.0000	231.3725
			*MESH_VERTEX  328	1500.0001	2500.0000	250.9804
			*MESH_VERTEX  329	2000.0000	2500.0002	282.3529
			*MESH_VERTEX  330	2500.0000	2500.0000	435.2941
			*MESH_VERTEX  331	3000.0002	2500.0000	450.9804
			*MESH_VERTEX  332	3500.0002	2500.0000	564.7059
			*MESH_VERTEX  333	4000.0000	2500.0000	694.1176
			*MESH_VERTEX  334	4500.0005	2500.0002	1000.0000
			*MESH_VERTEX  335	5000.0000	2500.0000	1000.0000
			*MESH_VERTEX  336	-5000.0000	3000.0002	1000.0000
			*MESH_VERTEX  337	-4500.0000	3000.0000	639.2157
			*MESH_VERTEX  338	-4000.0002	3000.0002	619.6078
			*MESH_VERTEX  339	-3500.0002	3000.0002	611.7647
			*MESH_VERTEX  340	-3000.0000	3000.0000	521.5686
			*MESH_VERTEX  341	-2500.0000	3000.0002	309.8039
			*MESH_VERTEX  342	-2000.0001	3000.0000	227.4510
			*MESH_VERTEX  343	-1500.0001	3000.0002	200.0000
			*MESH_VERTEX  344	-1000.0001	3000.0002	227.4510
			*MESH_VERTEX  345	-500.0000	3000.0000	168.6274
			*MESH_VERTEX  346	0.0000	3000.0002	160.7843
			*MESH_VERTEX  347	500.0000	3000.0000	235.2941
			*MESH_VERTEX  348	1000.0001	3000.0002	274.5098
			*MESH_VERTEX  349	1500.0001	3000.0002	200.0000
			*MESH_VERTEX  350	2000.0000	3000.0000	207.8431
			*MESH_VERTEX  351	2500.0002	3000.0002	317.6471
			*MESH_VERTEX  352	3000.0000	3000.0000	447.0588
			*MESH_VERTEX  353	3500.0000	3000.0002	513.7255
			*MESH_VERTEX  354	4000.0002	3000.0002	611.7647
			*MESH_VERTEX  355	4500.0000	3000.0000	1000.0000
			*MESH_VERTEX  356	5000.0000	3000.0002	1000.0000
			*MESH_VERTEX  357	-5000.0000	3500.0002	1000.0000
			*MESH_VERTEX  358	-4500.0000	3500.0002	698.0392
			*MESH_VERTEX  359	-4000.0002	3500.0000	721.5686
			*MESH_VERTEX  360	-3500.0000	3500.0002	674.5098
			*MESH_VERTEX  361	-3000.0002	3500.0000	666.6667
			*MESH_VERTEX  362	-2500.0000	3500.0002	556.8627
			*MESH_VERTEX  363	-2000.0001	3500.0002	505.8824
			*MESH_VERTEX  364	-1500.0000	3500.0000	427.4510
			*MESH_VERTEX  365	-1000.0000	3500.0002	313.7255
			*MESH_VERTEX  366	-500.0000	3500.0000	266.6667
			*MESH_VERTEX  367	0.0000	3500.0000	219.6078
			*MESH_VERTEX  368	500.0000	3500.0002	156.8627
			*MESH_VERTEX  369	1000.0000	3500.0000	227.4510
			*MESH_VERTEX  370	1500.0000	3500.0002	215.6863
			*MESH_VERTEX  371	2000.0001	3500.0000	243.1373
			*MESH_VERTEX  372	2500.0000	3500.0000	247.0588
			*MESH_VERTEX  373	3000.0002	3500.0002	372.5490
			*MESH_VERTEX  374	3500.0002	3500.0000	443.1372
			*MESH_VERTEX  375	4000.0000	3500.0002	537.2549
			*MESH_VERTEX  376	4500.0000	3500.0000	1000.0000
			*MESH_VERTEX  377	5000.0005	3500.0000	1000.0000
			*MESH_VERTEX  378	-5000.0005	4000.0000	1000.0000
			*MESH_VERTEX  379	-4500.0000	4000.0002	678.4313
			*MESH_VERTEX  380	-4000.0000	4000.0002	698.0392
			*MESH_VERTEX  381	-3500.0002	4000.0000	780.3922
			*MESH_VERTEX  382	-3000.0002	4000.0002	752.9412
			*MESH_VERTEX  383	-2500.0000	4000.0000	654.9020
			*MESH_VERTEX  384	-2000.0001	4000.0002	588.2353
			*MESH_VERTEX  385	-1500.0000	4000.0002	541.1765
			*MESH_VERTEX  386	-1000.0001	4000.0000	533.3333
			*MESH_VERTEX  387	-500.0000	4000.0002	478.4314
			*MESH_VERTEX  388	0.0000	4000.0000	388.2353
			*MESH_VERTEX  389	500.0000	4000.0002	341.1765
			*MESH_VERTEX  390	1000.0000	4000.0002	172.5490
			*MESH_VERTEX  391	1500.0000	4000.0000	266.6667
			*MESH_VERTEX  392	2000.0001	4000.0002	211.7647
			*MESH_VERTEX  393	2500.0000	4000.0000	219.6078
			*MESH_VERTEX  394	3000.0002	4000.0002	270.5882
			*MESH_VERTEX  395	3500.0000	4000.0002	400.0000
			*MESH_VERTEX  396	4000.0002	4000.0000	470.5882
			*MESH_VERTEX  397	4500.0000	4000.0002	1000.0000
			*MESH_VERTEX  398	5000.0000	4000.0000	1000.0000
			*MESH_VERTEX  399	-5000.0000	4500.0005	1000.0000
			*MESH_VERTEX  400	-4500.0000	4500.0000	690.1960
			*MESH_VERTEX  401	-4000.0002	4500.0000	678.4313
			*MESH_VERTEX  402	-3500.0000	4500.0000	717.6470
			*MESH_VERTEX  403	-3000.0000	4500.0000	741.1765
			*MESH_VERTEX  404	-2500.0002	4500.0005	647.0588
			*MESH_VERTEX  405	-2000.0000	4500.0000	611.7647
			*MESH_VERTEX  406	-1500.0001	4500.0000	588.2353
			*MESH_VERTEX  407	-1000.0001	4500.0000	560.7843
			*MESH_VERTEX  408	-500.0000	4500.0000	560.7843
			*MESH_VERTEX  409	0.0000	4500.0005	517.6470
			*MESH_VERTEX  410	500.0000	4500.0000	458.8235
			*MESH_VERTEX  411	1000.0001	4500.0000	388.2353
			*MESH_VERTEX  412	1500.0001	4500.0000	231.3725
			*MESH_VERTEX  413	2000.0000	4500.0000	247.0588
			*MESH_VERTEX  414	2500.0000	4500.0005	266.6667
			*MESH_VERTEX  415	3000.0000	4500.0000	239.2157
			*MESH_VERTEX  416	3500.0002	4500.0000	337.2549
			*MESH_VERTEX  417	4000.0002	4500.0000	435.2941
			*MESH_VERTEX  418	4500.0000	4500.0000	1000.0000
			*MESH_VERTEX  419	5000.0000	4500.0005	1000.0000
			*MESH_VERTEX  420	-5000.0000	5000.0000	1000.0000
			*MESH_VERTEX  421	-4500.0005	5000.0000	1000.0000
			*MESH_VERTEX  422	-4000.0000	5000.0000	1000.0000
			*MESH_VERTEX  423	-3500.0000	5000.0005	1000.0000
			*MESH_VERTEX  424	-3000.0002	5000.0000	1000.0000
			*MESH_VERTEX  425	-2500.0000	5000.0000	1000.0000
			*MESH_VERTEX  426	-2000.0000	5000.0000	1000.0000
			*MESH_VERTEX  427	-1500.0001	5000.0000	1000.0000
			*MESH_VERTEX  428	-1000.0000	5000.0005	1000.0000
			*MESH_VERTEX  429	-500.0000	5000.0000	1000.0000
			*MESH_VERTEX  430	0.0000	5000.0000	1000.0000
			*MESH_VERTEX  431	500.0000	5000.0000	1000.0000
			*MESH_VERTEX  432	1000.0000	5000.0000	1000.0000
			*MESH_VERTEX  433	1500.0001	5000.0005	1000.0000
			*MESH_VERTEX  434	2000.0000	5000.0000	1000.0000
			*MESH_VERTEX  435	2500.0000	5000.0000	1000.0000
			*MESH_VERTEX  436	3000.0002	5000.0000	1000.0000
			*MESH_VERTEX  437	3500.0002	5000.0000	1000.0000
			*MESH_VERTEX  438	4000.0000	5000.0005	1000.0000
			*MESH_VERTEX  439	4500.0005	5000.0000	1000.0000
			*MESH_VERTEX  440	5000.0000	5000.0000	1000.0000