1
71 0
0 1280.000000 204.753647 -81.971596 -0.295520 -0.213142 0.931256 0.000000 0.974794 0.223106 1.000000 0.008000 1.000000 1.000000 0.800000 100.000000 1.552000 4.712389
40 1280.000000 204.753647 -81.971596 -0.295520 -0.213142 0.931256 0.000000 0.974794 0.223106 1.000000 0.010000 1.000000 1.000000 0.800000 100.000000 1.552000 4.712389 
80 1280.000000 204.753647 -81.971596 -0.295520 -0.213142 0.931256 0.000000 0.974794 0.223106 1.000000 0.010000 1.000000 1.000000 0.800000 100.000000 1.485000 4.712389 
120 1217.943359 159.994064 113.592216 -0.295520 -0.213142 0.931256 0.000000 0.974794 0.223106 1.000000 0.010000 1.000000 1.000000 0.800000 100.000000 1.445133 4.712389 
160 1178.081665 134.311600 239.911377 -0.294796 -0.144440 0.944580 0.020669 0.987315 0.157425 1.000000 0.014000 1.000000 1.000000 0.800000 100.000000 1.350885 4.712389 
200 1129.439697 110.479050 395.767090 -0.294796 -0.144440 0.944580 0.020669 0.987315 0.157425 1.000000 0.014000 1.000000 1.000000 0.813000 100.000000 1.193805 4.712389 
240 1082.271729 87.368698 546.899902 -0.294796 -0.144440 0.944580 0.020669 0.987315 0.157425 1.000000 0.018000 1.000000 1.000000 0.836000 100.000000 0.768000 4.670000 
280 1041.943115 72.927513 642.764954 -0.478716 -0.128462 0.868521 -0.097652 0.990891 0.092737 1.000000 0.015000 1.000000 1.000000 0.850000 100.000000 0.658000 4.420000 
320 984.219299 60.741550 747.218018 -0.484373 -0.058842 0.872880 -0.063930 0.997449 0.031763 1.000000 0.010000 1.000000 1.000000 0.870000 100.000000 0.345000 3.080000 
360 911.425720 83.373215 884.472717 -0.486759 -0.013912 0.873426 0.106146 0.991522 0.074948 1.000000 0.010000 1.000000 1.000000 0.899000 100.000000 0.314159 1.880000 
400 867.617737 86.300003 963.080994 -0.031361 -0.071998 0.996912 0.253474 0.964224 0.077611 1.000000 0.010000 1.000000 1.000000 0.910000 100.000000 0.314159 1.670000 
440 883.000000 82.782082 1088.071777 0.242603 -0.061717 0.968160 0.255169 0.966894 -0.002305 1.000000 0.010000 1.000000 1.000000 0.920000 100.000000 0.376991 1.570796 
480 1041.203247 62.781227 1276.165405 0.880163 -0.010497 0.474555 0.068977 0.991972 -0.105991 1.000000 0.010000 1.000000 1.000000 0.920000 100.000000 0.449000 1.570796 
520 1287.580444 60.163574 1383.706909 0.952958 -0.008692 0.302977 -0.033400 0.990490 0.133469 1.000000 0.010000 1.000000 1.000000 0.915000 100.000000 0.471239 1.570796 
560 1440.053101 58.772827 1432.183472 0.952958 -0.008692 0.302977 -0.033400 0.990490 0.133469 1.000000 0.010000 1.000000 1.000000 0.915000 100.000000 0.471239 1.570796 
600 1598.792358 52.144367 1521.098267 0.732542 -0.036610 0.679736 -0.055398 0.992035 0.113130 1.000000 0.010000 1.000000 1.000000 0.920000 100.000000 0.471239 1.570796 
640 1683.034912 47.934258 1599.267944 0.723352 0.062611 0.687635 -0.128253 0.990733 0.044705 1.000000 0.010000 1.000000 1.000000 0.940000 100.000000 0.471239 1.570796 
680 1768.065552 52.826324 1734.789673 0.722034 0.072516 0.688047 -0.135480 0.990058 0.037826 1.000000 0.010000 1.000000 1.000000 0.945000 100.000000 0.471239 1.570796 
720 1867.360962 64.890610 1774.656860 0.697231 0.205108 0.686877 -0.231426 0.971290 -0.055122 1.000000 0.010000 1.000000 1.000000 0.944000 100.000000 0.471239 1.570796 
760 1954.739624 103.411758 1862.867065 0.698379 0.200249 0.687144 -0.227937 0.972303 -0.051687 1.000000 0.020000 1.000000 1.000000 0.960000 100.000000 0.471239 1.570796 
800 2042.513916 152.889038 1953.269775 0.726332 0.037827 0.686302 -0.110131 0.991989 0.061880 1.000000 0.020000 1.000000 1.000000 0.950000 100.000000 0.471239 1.570796 
840 2092.174072 156.803833 2015.869385 0.565826 -0.048684 0.823086 -0.283895 0.925713 0.249917 1.000000 0.020000 1.000000 1.000000 0.950000 100.000000 0.471239 1.570796 
880 2129.000000 151.599548 2141.397705 0.398572 -0.160934 0.902907 -0.281664 0.915428 0.287503 1.000000 0.010000 1.000000 1.000000 0.944000 100.000000 0.471239 1.570796 
920 2122.000000 99.383514 2299.248047 -0.394726 -0.001389 0.918798 -0.209625 0.973761 -0.088583 1.000000 0.010000 1.000000 1.000000 0.950000 100.000000 0.471239 1.570796 
960 2067.566650 111.276443 2360.000000 -0.983056 -0.166087 -0.077568 -0.141290 0.956130 -0.256619 1.000000 0.030000 1.000000 1.000000 0.940000 100.000000 0.471239 1.570796 
1000 1779.000000 115.800003 2349.000000 -0.848471 -0.152795 -0.506706 -0.027554 0.968872 -0.246023 1.000000 0.090000 1.000000 1.000000 0.945000 100.000000 0.471239 1.570796 
1040 1523.098999 90.261520 2164.552002 -0.756961 0.079102 -0.648654 0.172856 0.981526 -0.082023 1.000000 0.228000 1.000000 1.000000 0.945000 94.000000 0.471239 1.570796 
1080 1376.372925 117.637283 2018.561523 -0.591008 0.142272 -0.794020 0.251239 0.967830 -0.013588 1.000000 0.250000 1.000000 1.000000 0.950000 72.300003 0.471239 1.570796 
1120 1342.832397 146.023361 1966.565186 -0.512419 0.372777 -0.773605 0.387088 0.904419 0.179412 1.000000 0.260000 1.000000 1.000000 0.950000 69.300003 0.471239 1.570796 
1160 1296.087280 185.959106 1893.969482 -0.597103 0.118034 -0.793433 0.236386 0.971084 -0.033432 1.000000 0.331000 1.000000 1.000000 0.940000 68.900002 0.471239 1.570796 
1200 1209.508545 203.074310 1778.921753 -0.597103 0.118034 -0.793433 0.236386 0.971084 -0.033432 1.000000 0.482000 1.000000 1.000000 0.940000 68.400002 0.471239 1.570796 
1240 1090.089600 226.681473 1620.235229 -0.633262 -0.086991 -0.769033 0.106721 0.974355 -0.198097 1.000000 0.517000 1.000000 1.000000 0.940000 68.000000 0.471239 1.570796 
1280 887.446289 198.844559 1374.141479 -0.633262 -0.086991 -0.769033 0.106721 0.974355 -0.198097 1.000000 0.560000 1.000000 1.000000 0.940000 68.000000 0.471239 1.570796 
1320 808.940063 168.413651 1182.167969 -0.216977 -0.196764 -0.956141 0.106721 0.974355 -0.198097 1.000000 0.622000 1.000000 1.000000 0.930000 68.000000 0.471239 1.570796 
1360 835.701111 114.488945 931.348816 0.395295 -0.185171 -0.899696 0.090986 0.982546 -0.162248 1.000000 0.781000 1.000000 1.000000 0.930000 68.000000 0.471239 1.570796 
1400 940.745850 68.207481 692.393311 0.401873 -0.096112 -0.910637 0.055089 0.995213 -0.080728 1.000000 0.810000 1.000000 1.000000 0.935000 68.000000 0.471239 1.570796 
1440 989.000000 47.543388 496.607239 -0.398710 -0.052198 -0.915590 0.055089 0.995213 -0.080728 1.000000 0.810000 1.000000 1.000000 0.938000 68.000000 0.471239 1.570796 
1480 934.780579 46.298515 359.770081 -0.776968 0.065168 -0.626158 0.100258 0.994742 -0.020879 1.000000 0.810000 1.000000 1.000000 0.940000 67.400002 0.471239 1.570796 
1520 854.216919 60.948143 294.043823 -0.881310 0.206645 -0.424959 0.196293 0.978750 0.059309 1.000000 0.810000 1.000000 1.000000 0.950000 56.000000 0.471239 1.570796 
1560 726.426819 90.911690 232.425018 -0.897747 0.342091 -0.277531 0.303961 0.945983 0.112796 1.000000 0.810000 1.000000 1.000000 0.960000 52.000000 0.471239 1.570796 
1600 632.163940 126.831284 203.284378 -0.928333 0.337195 -0.156514 0.256417 0.922707 0.287857 1.000000 0.797000 1.000000 1.000000 0.960000 52.000000 0.492000 1.570796 
1640 600.000000 130.699997 203.284378 -0.939917 0.341403 0.000000 0.256417 0.922707 0.287857 1.000000 0.728000 1.000000 1.000000 0.960000 50.700001 0.503000 1.570796 
1680 589.000000 163.922714 186.068008 -0.923386 0.162832 0.347625 0.256417 0.922707 0.287857 1.000000 0.655000 1.000000 1.000000 0.960000 43.000000 0.540000 1.620000 
1720 637.623413 181.643417 218.105972 -0.813638 0.093567 0.573792 0.296682 0.921925 0.249066 1.000000 0.500000 1.000000 1.000000 0.925000 14.000000 0.600000 1.700000 
1760 681.000000 185.905121 281.000000 -0.688544 -0.159043 0.707540 0.285309 0.943581 0.168090 1.000000 0.222000 1.000000 1.000000 0.770000 5.000000 0.694000 1.820000 
1800 773.000000 157.000000 427.688934 -0.610671 -0.146718 0.778174 0.237078 0.971383 0.014481 1.000000 0.177000 1.000000 1.000000 0.470000 2.000000 0.779000 2.000000 
1840 826.000000 157.000000 427.688934 -0.474723 -0.181732 0.861169 0.237078 0.971383 0.014481 1.000000 0.177000 1.000000 1.000000 0.300000 3.000000 0.779000 2.000000 
1880 921.000000 107.000000 561.000000 -0.537528 0.056844 0.841328 0.023236 0.994101 -0.105935 1.000000 0.190000 1.000000 1.000000 0.370000 2.000000 0.845000 2.300000 
1920 1035.000000 68.000000 620.000000 -0.530769 0.072070 0.844447 -0.008627 0.994450 -0.104859 1.000000 0.188000 1.000000 1.000000 0.270000 3.000000 0.893000 2.387610 
1960 1081.000000 55.000000 636.724426 -0.530256 0.084358 0.843631 -0.008627 0.994450 -0.104859 1.000000 0.192000 1.000000 1.000000 0.219000 4.000000 0.915000 2.387610 
2000 1102.991699 36.400002 636.724426 -0.530256 0.084358 0.843631 -0.008627 0.994450 -0.104859 1.000000 0.196000 1.000000 1.000000 0.210000 4.000000 0.960000 2.387610 
2060 1102.991699 35.465332 636.724426 -0.530256 0.084358 0.843631 -0.008627 0.994450 -0.104859 1.000000 0.188000 1.000000 1.000000 0.210000 4.000000 1.003000 2.387610 
2120 1102.991699 35.465332 636.724426 -0.530256 0.084358 0.843631 -0.008627 0.994450 -0.104859 1.000000 0.169000 1.000000 1.000000 0.210000 4.000000 1.051000 2.387610 
2180 1105.984863 34.989159 631.962341 -0.530256 0.084358 0.843631 -0.008627 0.994450 -0.104859 1.000000 0.154000 1.000000 1.000000 0.211000 4.000000 1.098000 2.387610 
2240 1105.984863 34.989159 631.962341 -0.530256 0.084358 0.843631 -0.008627 0.994450 -0.104859 1.000000 0.140000 1.000000 1.000000 0.275000 4.000000 1.139000 2.387610 
2300 1105.984863 34.989159 631.962341 -0.530256 0.084358 0.843631 -0.008627 0.994450 -0.104859 1.000000 0.130000 1.000000 1.000000 0.400000 3.000000 1.212000 2.387610 
2360 1105.984863 34.989159 631.962341 -0.530256 0.084358 0.843631 -0.008627 0.994450 -0.104859 1.000000 0.120000 1.000000 1.000000 0.500000 3.200000 1.293000 2.387610 
2420 1105.984863 34.989159 631.962341 -0.530256 0.084358 0.843631 -0.008627 0.994450 -0.104859 1.000000 0.117000 1.000000 1.000000 0.550000 3.500000 1.382301 2.387610 
2480 1105.984863 34.989159 631.962341 -0.530256 0.084358 0.843631 -0.008627 0.994450 -0.104859 1.000000 0.116000 1.000000 1.000000 0.584000 3.500000 1.429425 2.387610 
2540 1105.984863 34.989159 631.962341 -0.530256 0.084358 0.843631 -0.008627 0.994450 -0.104859 1.000000 0.122000 1.000000 1.000000 0.611000 3.500000 1.476549 2.387610 
2600 1105.984863 34.989159 631.962341 -0.530256 0.084358 0.843631 -0.008627 0.994450 -0.104859 1.000000 0.140000 1.000000 1.000000 0.630000 3.500000 1.507964 2.387610 
2660 1105.984863 34.989159 631.962341 -0.530256 0.084358 0.843631 -0.008627 0.994450 -0.104859 1.000000 0.140000 1.000000 1.000000 0.590000 3.500000 1.507964 2.387610 
2720 1105.984863 34.989159 631.962341 -0.530256 0.084358 0.843631 -0.008627 0.994450 -0.104859 1.000000 0.140000 1.000000 1.000000 0.570000 3.500000 1.507964 2.387610 
2780 1105.984863 34.989159 631.962341 -0.530256 0.084358 0.843631 -0.008627 0.994450 -0.104859 1.000000 0.140000 1.000000 1.000000 0.550000 3.000000 1.507964 2.387610 
2840 1105.984863 34.989159 631.962341 -0.530256 0.084358 0.843631 -0.008627 0.994450 -0.104859 1.000000 0.140000 1.000000 1.000000 0.500000 2.500000 1.507964 2.387610 
2900 1105.984863 34.989159 631.962341 -0.530256 0.084358 0.843631 -0.008627 0.994450 -0.104859 1.000000 0.140000 1.000000 1.000000 0.450000 2.000000 1.507964 2.387610 
2940 1105.984863 34.989159 631.962341 -0.530256 0.084358 0.843631 -0.008627 0.994450 -0.104859 1.000000 0.140000 1.000000 1.000000 0.450000 1.500000 1.507964 2.387610 
2980 1105.984863 34.989159 631.962341 -0.530256 0.084358 0.843631 -0.008627 0.994450 -0.104859 1.000000 0.140000 1.000000 1.000000 0.450000 1.000000 1.507964 2.387610 
3020 1105.984863 34.989159 631.962341 -0.530256 0.084358 0.843631 -0.008627 0.994450 -0.104859 1.000000 0.140000 1.000000 1.000000 0.450000 0.500000 1.507964 2.387610 
3060 1105.984863 34.989159 631.962341 -0.530256 0.084358 0.843631 -0.008627 0.994450 -0.104859 1.000000 0.140000 1.000000 1.000000 0.450000 0.000000 1.507964 2.387610 
3100 1105.984863 34.989159 631.962341 -0.530256 0.084358 0.843631 -0.008627 0.994450 -0.104859 1.000000 0.140000 1.000000 1.000000 0.450000 0.000000 1.507964 2.387610 
