resources/decal.tga
16

100 -10 -100 1 0
-100 -10 -100 0 0
-100 -10 100 0 1

-100 -10 100 0 1
100 -10 100 1 1
100 -10 -100 1 0

-100 30 100 0 1
-100 30 -100 0 0
100 30 -100 1 0

100 30 -100 1 0
100 30 100 1 1
-100 30 100 0 1

-100 -10 -100 1 0
-100 -10 100 0 0
-100 30 100 0 1

-100 30 100 0 1
-100 30 -100 1 1
-100 -10 -100 1 0

100 30 100 0 1
100 -10 100 0 0
100 -10 -100 1 0

100 -10 -100 1 0
100 30 -100 1 1
100 30 100 0 1

100 -10 100 1 0
-100 -10 100 0 0
-100 30 100 0 1

-100 30 100 0 1
100 30 100 1 1
100 -10 100 1 0

-10 -10 -100 1 0
-100 -10 -100 0 0
-100 30 -100 0 1

-100 30 -100 0 1
-10 30 -100 1 1
-10 -10 -100 1 0

10 -10 -100 1 0
100 -10 -100 0 0
100 30 -100 0 1

100 30 -100 0 1
10 30 -100 1 1
10 -10 -100 1 0

-10 10 -100 1 0
10 10 -100 0 0
10 30 -100 0 1

10 30 -100 0 1
-10 30 -100 1 1
-10 10 -100 1 0

1

"Portal 1" 0 0 -100 20