16
0	-1.99 -0.21 0.08 	1.0 1.0 1.0	1.2
4000	-8.91 -0.85 -0.93 	1.0 1.0 1.0	1.2
6000	-8.91 -0.85 -0.93 	1.0 1.0 1.0	0.01
10000	-8.91 -0.85 -0.93 	1.0 1.0 1.0	1.2
12000	-8.0 0.74 11.5		1.0 1.0 1.0	1.2
17000	-8.0 0.74 11.5		0.4 1.0 1.4	0.01
22000	-8.0 0.74 11.5		1.0 1.0 1.0	1.2
23000	-7.95 -0.83 0.32 	1.0 1.0 1.0	1.2
24000   -1.99 -0.21 0.08 	1.0 1.0 1.0	1.2
28000	-2.71 1.12 -4.05 	0.4 0.4 1.0 	1.2
29000	-1.99 -0.21 0.08 	1.0 1.0 1.0 	1.2
33000	0.04 -0.16 3.0	 	1.0 1.0 1.0 	1.2
34000	-1.99 -0.21 0.08 	1.0 1.0 1.0	1.2
35000 	6.63 -0.3 -4.47		1.0 0.3 0.3	1.2
42000	6.71 0.39 4.3		0.4 0.4 1.0	1.2
49000	-1.99 -0.21 0.08 	1.0 1.0 1.0	1.2
 