4999	1
1	-0.00688955
2	-0.00448572
1	0.0526362
2	-0.0661285
3	0.0290289
4	-0.00578026
1	0.0156099
2	0.00497199
1	-0.0543637
2	-0.0160695
3	0.0105516
4	0.00383768
1	-0.00551965
1	-0.061696
2	-0.0485861
3	0.0166782
4	0.00531811
1	-0.0405498
2	-0.00276055
1	-0.0501794
2	-0.016293
3	-0.0118118
4	-0.00932575
5	0.00169527
1	0.0666108
2	-0.0455547
3	-0.0114626
4	-0.006498
1	0.0468554
2	-0.0465966
3	-0.0398123
4	0.0130859
5	0.00831261
6	-0.0021471
1	-0.00716407
2	0.000267049
1	0.0110329
2	-0.00184658
1	0.0510564
2	-0.0198228
3	0.0138052
4	0.00621479
1	-0.0614591
2	-0.0138663
3	-0.000148219
1	-0.00955245
2	-0.00556201
1	-0.0132888
2	-0.00413406
1	0.00513112
1	0.0274065
2	-0.0124954
3	0.00543014
1	0.0276234
2	-0.0288314
3	-0.0135811
4	-0.00475021
1	0.0517846
2	-0.0397606
3	0.0278726
4	-0.00643085
1	0.0219921
2	0.00827763
3	-0.00582504
1	-0.0491241
2	-0.047978
3	0.00196966
1	-0.0271844
2	-0.0253119
3	0.00372433
1	-0.0740947
2	0.0548128
3	0.0147376
4	0.00168731
1	-0.0325705
2	-0.0304772
3	-0.0215778
4	-0.0127034
5	-0.00910943
6	-0.00446721
1	0.000883892
1	0.0734966
2	-0.0114244
3	-0.00425684
1	0.00450117
1	-0.0559133
2	-0.0294444
3	-0.00839403
4	0.00284761
1	0.00783914
2	-0.000594816
1	0.0135633
2	0.000213323
1	0.0436605
2	-0.0039078
1	0.0260617
2	-0.0130006
3	-0.00786743
1	0.0630947
2	0.027204
3	-0.0221013
4	-0.00950387
5	-0.00160779
1	0.0539068
2	-0.0576575
3	0.0407412
4	0.0261758
5	0.0045043
1	0.0848457
2	-0.060415
3	-0.0117264
4	0.00163258
1	0.0906441
2	0.00570258
1	-0.0177446
2	0.020161
3	0.0104868
4	-4.31734e-005
1	-0.0407773
2	-0.0358614
3	0.0335209
4	0.0151234
5	-0.00204632
1	-0.0867523
2	0.0776973
3	0.0472629
4	-0.0360409
5	0.00488813
1	0.051615
2	0.00472564
1	-0.0354419
2	-0.0282515
3	-0.00778756
1	0.0030015
1	-0.0344622
2	-0.032138
3	0.000114607
1	0.068966
2	-0.0195804
3	-0.0109315
4	0.00224573
1	-0.00623585
2	-0.00100728
1	0.00568041
2	0.00155372
1	-0.0810911
2	-0.00610652
1	-0.0750881
2	-0.0518379
3	-0.0325342
4	0.0122556
5	-0.00232381
1	0.00781724
2	0.00593427
1	-0.045032
2	-0.043198
3	0.0367724
4	0.024928
5	-0.0135121
6	-0.00906416
7	-0.000947094
1	0.0315771
2	0.0175136
3	-0.00337867
1	0.0295538
2	-0.00303934
1	-0.0304326
2	-0.00465208
1	0.0307546
2	-0.0320166
3	-0.0130626
4	0.000680616
1	-0.00895215
2	0.00983827
3	0.0022915
1	-0.0687182
2	0.0624592
3	0.0163863
4	-0.00970307
5	-0.00409605
1	0.0137895
2	0.000550273
1	-0.015451
2	0.0187353
3	0.0100331
4	0.00417359
1	0.0497802
2	-0.000690702
1	-0.0468837
2	0.061174
3	0.0288554
4	-0.0146814
5	-0.0127535
6	-0.00915291
7	0.0077418
1	-0.0349092
2	0.00809831
3	-0.000626892
1	-0.00331046
1	-0.0678509
2	0.0160353
3	-0.0113924
4	-0.00380624
1	-0.0413565
2	-0.00101422
1	-0.0211985
2	-0.00941583
3	-0.00462001
1	0.00496689
1	-0.037802
2	-0.0197078
3	-0.0125827
4	-0.00802668
5	0.00491771
1	0.0571651
2	-0.0341488
3	-0.0252957
4	-1.62117e-005
1	-0.0160073
2	-0.00264271
1	-0.0948227
2	0.125911
3	-0.109347
4	-0.00172695
1	0.026952
2	-0.0302149
3	-0.0124727
4	-0.00200926
1	-0.0275555
2	-0.00302653
1	0.00991562
2	0.00877313
3	0.00191068
1	0.00735179
2	-0.00668309
1	0.0343751
2	-0.0293662
3	0.0256213
4	0.00864181
5	-0.00150179
1	0.0403359
2	0.00178714
1	-0.00751335
2	0.00130263
1	-0.0234587
2	0.0130701
3	0.00665123
1	-0.000515915
1	-0.0780386
2	0.0136173
3	0.00910117
4	-0.00444826
1	-0.0191433
2	-0.0168439
3	0.015377
4	0.00480534
1	-0.0400732
2	-0.0296383
3	0.0188572
4	-0.00677492
1	-0.0213063
2	0.0110379
3	-0.00207787
1	0.0569462
2	0.000107999
1	-0.00608764
2	-0.00155562
1	0.0620276
2	-0.0413233
3	0.029681
4	-0.0223316
5	0.00108707
1	-0.0749623
2	-0.0734266
3	-0.01682
4	0.000928674
1	-0.0392373
2	0.0357106
3	-0.0236752
4	0.0220803
5	0.00789879
1	0.0512046
2	0.0446488
3	0.0080367
4	-0.0020565
1	0.0605773
2	0.05483
3	-0.00999029
4	0.00426385
1	0.0828381
2	0.0809162
3	-0.0849049
4	0.0677707
5	0.014454
6	-0.0101861
7	0.00624191
1	-0.0153036
2	0.0184779
3	-0.00787938
1	-0.056991
2	0.0785651
3	0.0444567
4	-0.00135594
1	0.0492822
2	0.0523689
3	0.00894444
4	-0.00311757
1	0.0128722
2	0.00448134
1	0.0482587
2	-0.0415725
3	0.0167319
4	-0.00221934
1	0.0317907
2	0.0206831
3	0.015234
4	-0.00747533
1	-0.103532
2	0.140099
3	0.00530711
1	6.19526e-005
1	0.0136103
2	0.00670892
1	0.0177078
2	-0.000733612
1	0.0671785
2	-0.0349163
3	-0.0306152
4	0.0203486
5	-0.00963755
6	-0.00273381
1	0.0629166
2	-0.0498635
3	-0.0114178
4	-0.00749104
1	0.0757557
2	-0.0287158
3	0.00682187
1	0.0641556
2	-0.0389014
3	0.00106356
1	-0.00035783
1	-0.00614078
2	0.00243478
1	0.00761616
2	0.00785002
1	0.0691703
2	0.0639227
3	-0.0317395
4	0.00125517
1	-0.0764716
2	0.0914453
3	0.0204892
4	0.0129409
5	-0.000282893
1	-0.0985142
2	0.0547897
3	-0.00947855
4	-0.000413947
1	-0.0537361
2	-0.00168329
1	0.0667966
2	0.0297926
3	-0.0246449
4	-0.00194443
1	0.0121737
2	-0.00132411
1	-0.00600967
2	0.00885356
3	0.00217036
1	-0.063432
2	-0.024149
3	0.0158708
4	0.0140348
5	-0.00314416
1	-0.0200254
2	-0.00622582
1	0.0419435
2	-0.0390891
3	0.00239238
1	-0.00219825
1	0.0710201
2	0.0459642
3	-0.0279477
4	0.0254718
5	0.0150244
6	-0.000601559
1	-0.0401861
2	-0.0265025
3	-0.018993
4	0.00436451
1	0.0862236
2	-0.0257591
3	0.0158969
4	-0.00227807
1	-0.0563047
2	-0.0273713
3	-0.00117844
1	0.0653199
2	0.00568351
1	0.0132685
2	0.0139161
3	0.00249499
1	0.0516156
2	0.0209838
3	-0.00105553
1	0.066646
2	0.0247755
3	-0.00474657
1	0.00559977
1	-0.0700678
2	-0.0633468
3	-0.000328846
1	-0.0329761
2	0.0391071
3	-0.0248803
4	0.0035483
1	0.0776781
2	-0.00289233
1	-0.0435398
2	0.00310932
1	-0.0653634
2	-0.0482299
3	0.0184717
4	0.0114066
5	-2.41416e-005
1	0.0636296
2	-0.0357836
3	-0.0216957
4	-0.00641794
1	0.0567427
2	0.0120174
3	-0.0125566
4	-0.00394381
1	0.066105
2	0.0808316
3	-0.046711
4	0.00741528
1	-0.0319777
2	0.0144418
3	0.00154701
1	-0.0106628
2	0.00171671
1	0.0120095
2	0.012471
3	0.00585569
1	-0.00376789
1	0.0463282
2	0.0254624
3	0.0020946
1	0.0531457
2	-0.0259388
3	-0.0080792
4	0.00701048
1	-0.0605026
2	0.0223576
3	0.00674637
1	0.000400555
1	0.0139468
2	0.00414584
1	0.0559362
2	-0.000546757
1	0.0792699
2	-0.0761144
3	0.0392613
4	0.0022583
1	0.0250721
2	0.00453621
1	-0.0278797
2	-0.0157547
3	-0.00320796
1	0.07415
2	-0.0074236
1	-0.0537412
2	-0.0410079
3	-0.0209088
4	-0.0145593
5	-0.00115137
1	0.0847928
2	-0.0413602
3	-0.010282
4	0.00371285
1	-0.00270375
1	0.038797
2	0.0232382
3	0.000943585
1	-0.0472351
2	-0.020437
3	-0.0111852
4	-0.00454715
1	-0.0455779
2	0.0484996
3	-0.0021795
1	0.00737663
2	-0.00219123
1	-0.0410329
2	0.00744551
1	0.00153546
1	0.0728931
2	0.0662562
3	-0.0216932
4	-0.00841522
5	-0.00419885
1	0.00200919
1	-0.014146
2	-0.00185715
1	0.00731815
2	0.00672841
1	0.0120295
2	-0.0100615
3	0.00177505
1	-0.0820562
2	0.0285041
3	-0.0119887
4	0.00975804
5	-0.00856399
6	-0.00389786
1	0.0956687
2	-0.00160874
1	0.0161798
2	-0.0117521
3	-0.00197844
1	-0.0158163
2	0.00704932
1	0.055815
2	0.0403412
3	-0.0158188
4	0.00998935
5	-0.00105884
1	0.039796
2	-0.0270861
3	0.0164661
4	-0.00576645
1	0.015999
2	0.0146145
3	0.00397196
1	0.0496502
2	0.00929443
3	-0.00365374
1	0.00773606
2	0.00223867
1	-0.0621555
2	-0.0213563
3	0.00826422
4	0.00146409
1	0.0448061
2	0.0410254
3	-0.000929448
1	-0.0166738
2	-0.0105748
3	-0.00532791
1	0.0416233
2	-0.034149
3	0.0257596
4	0.00572745
1	-0.0174218
2	-0.00302093
1	0.0359218
2	-0.00600542
1	0.0835585
2	0.0717293
3	-0.0363488
4	-0.0258439
5	-0.0111588
6	-0.00459895
1	-0.056003
2	0.0196866
3	-0.0141036
4	0.0119485
5	-0.00817163
6	-0.00463465
1	-0.0200053
2	-0.0177901
3	0.00667161
1	0.0110297
2	-0.00539376
1	-0.0637748
2	-0.0283543
3	-0.00963373
4	0.00587326
1	0.0568909
2	0.0440728
3	-0.0374404
4	0.00427713
1	-0.0763707
2	0.100625
3	-0.0234995
4	0.0104098
5	-0.00381905
1	0.104615
2	0.000492589
1	-0.0502478
2	-0.035693
3	0.0340075
4	-0.0287212
5	-0.019357
6	-0.0025476
1	-0.00720573
2	-0.00656633
1	0.0663544
2	-0.083144
3	0.0162327
4	-0.0129922
5	0.0106908
6	0.00893609
7	-0.00318125
1	0.0372108
2	0.0219353
3	0.00539077
1	-0.00155496
1	-0.0504315
2	-0.0349331
3	0.0271329
4	0.00249733
1	0.0351981
2	-0.01964
3	-0.00174727
1	-0.02741
2	0.0274462
3	0.0038566
1	-0.00119098
1	-0.0182773
2	-0.00710654
1	0.0676746
2	-0.0205989
3	0.0122441
4	-0.00296273
1	-0.023954
2	-0.0123711
3	-0.00549614
1	0.0440996
2	-0.037849
3	-0.014173
4	-0.00253393
1	-0.0218385
2	0.0275893
3	0.0158017
4	0.0108679
5	-0.00300753
1	-0.0423387
2	-0.0497756
3	-0.0120265
4	0.00280478
1	-0.0324017
2	0.0135986
3	0.00733603
1	-0.0615181
2	-0.00179631
1	-0.0621315
2	0.062458
3	-0.0607195
4	0.0335306
5	-0.000465655
1	-0.0034843
1	0.00327815
1	0.0104112
2	-0.00957033
3	-0.00442007
1	0.0959635
2	-0.0296864
3	-0.0260214
4	0.0167277
5	0.0105307
6	-0.00857987
7	-0.000693038
1	-0.00483978
1	0.00891476
2	-0.0027733
1	-0.0127248
2	-0.0113807
3	-0.00339758
1	0.0454254
2	-0.0136215
3	0.00223171
1	-0.0417349
2	-0.0365703
3	-0.0141102
4	0.00773265
1	0.035357
2	0.00452852
1	-0.0201912
2	-0.0015869
1	0.00839858
2	-0.00222869
1	0.0710185
2	-0.0851032
3	0.0159367
4	-0.0141117
5	-0.0073095
1	0.00460372
1	0.0316359
2	0.022869
3	-0.00440254
1	0.00695925
2	0.00894706
3	-0.00493388
1	0.0698537
2	-0.0243636
3	-0.0179255
4	0.0145513
5	-0.000901978
1	-0.0743564
2	-0.0183323
3	-0.00487665
1	-0.0165758
2	0.0134334
3	-0.00746264
1	-0.0465365
2	-0.0327996
3	-0.015099
4	0.00675594
1	0.0302596
2	-0.0202945
3	0.0100632
4	-0.00441592
1	-0.00485153
1	-0.0303557
2	-0.000796845
1	-0.047876
2	0.0453317
3	-0.0314994
4	-0.0120434
5	-0.00835467
6	0.00745855
1	0.0616428
2	-0.0153143
3	0.00470596
1	-0.0539572
2	-0.0490638
3	-4.49207e-005
1	-0.0449872
2	-0.0369061
3	0.028261
4	-0.0132907
5	-0.0109464
6	0.00259826
1	0.00983764
2	0.0108577
3	-0.00971513
4	0.00109061
1	0.0929385
2	0.0634804
3	0.0362159
4	0.00501841
1	-0.0147682
2	0.0166686
3	0.00623184
1	-0.037571
2	-0.0472928
3	-0.0187074
4	-0.00581185
1	-0.0214473
2	-0.00502267
1	-0.049294
2	-0.0176431
3	0.0136338
4	0.00649993
1	-0.0832482
2	-0.0388496
3	-0.0285192
4	0.0102702
5	0.00696005
1	0.0180274
2	-0.0137251
3	-0.00863226
4	-0.00369895
1	-0.017993
2	0.013748
3	0.00755729
1	0.0235551
2	-0.00080097
1	0.00686018
2	0.00669743
1	-0.040455
2	0.00140915
1	0.00789254
2	0.00716386
1	-0.0187877
2	0.0101736
3	0.00274731
1	0.00840926
2	0.00334638
1	-0.0603477
2	-0.013661
3	-0.00863909
4	0.00235742
1	-0.0274292
2	0.0168024
3	-0.000334361
1	0.0199885
2	0.0209267
3	-0.01371
4	-0.00931036
5	-0.00266231
1	-0.0161653
2	-0.00121045
1	0.0453004
2	-0.0503098
3	-0.0323282
4	0.00239381
1	-0.0573115
2	-0.0356096
3	0.0143981
4	0.00983163
5	0.00176418
1	0.0105042
2	-0.0152047
3	0.000523258
1	-0.0212807
2	0.0179939
3	0.0123617
4	-0.00582433
1	-0.0522797
2	-0.0187203
3	0.013546
4	-0.00738488
1	0.0522084
2	-0.0135494
3	0.00845688
4	-0.00148208
1	0.0132162
2	0.0101153
3	-0.00834056
4	0.005177
1	0.0159653
2	0.0075816
1	0.0571352
2	-0.0673209
3	-0.0112224
4	0.00803816
5	-0.00591614
1	0.019373
2	-0.00949469
3	0.00705559
1	0.0501629
2	0.0267688
3	-0.0127815
4	-0.00580488
1	0.0457838
2	0.0469716
3	-0.0233104
4	0.0105853
5	-0.00587827
1	0.0355285
2	-0.031049
3	0.00574232
1	-0.0672639
2	0.0230453
3	-0.0197509
4	0.00741328
1	-0.0481115
2	0.00866019
3	0.00602231
1	-0.0370954
2	0.0464103
3	0.0183679
4	-0.0128431
5	-0.000468873
1	-0.0669568
2	-0.0688626
3	-0.0283414
4	0.00560065
1	0.0575742
2	0.00984592
3	0.00420986
1	-0.0678087
2	0.0877516
3	-0.070399
4	-0.00739934
1	0.0156887
2	-0.00982129
3	0.00420998
1	0.0278813
2	0.0325402
3	0.0167296
4	0.00226958
1	0.0304382
2	-0.0212464
3	-0.0143517
4	-0.00487945
1	0.0425101
2	0.0145548
3	0.00740945
1	-0.0527636
2	-0.047328
3	-0.0240078
4	-0.00658259
1	-0.0544531
2	-0.05481
3	0.0115463
4	-0.00822062
5	-0.00603112
1	0.00701533
2	-0.00666866
1	-0.0538803
2	0.0213141
3	0.0114607
4	-0.00914757
5	0.00575774
1	0.0260318
2	-0.00678394
1	0.0501023
2	-0.0305315
3	0.00592455
1	-0.00855586
2	-0.000293192
1	-0.0519056
2	-0.0479298
3	0.0383212
4	0.010675
5	-0.00224333
1	-0.0450865
2	-0.0230323
3	0.0187168
4	-0.0070497
1	0.0379254
2	-0.018325
3	0.00437591
1	-0.0146523
2	0.00535661
1	-0.0226984
2	0.0288909
3	0.0215293
4	0.00993941
5	-0.00210392
1	0.0127881
2	-0.0164215
3	0.00669686
1	0.0173013
2	-0.00267701
1	-0.0160457
2	-0.0151388
3	0.00815018
4	0.00514445
1	-0.050513
2	-0.0184213
3	-0.0106242
4	-0.00423392
1	-0.0633591
2	0.0715253
3	0.0295061
4	0.0136781
5	0.00922886
6	0.000211154
1	0.0365811
2	-0.00052726
1	0.0650174
2	-0.0643627
3	-0.0263112
4	0.00544431
1	0.0632851
2	0.0188797
3	-0.0047667
1	-0.0196288
2	-0.00333174
1	0.0785193
2	-0.0620925
3	-0.039928
4	0.00998675
5	0.00747155
1	0.0310823
2	0.0294292
3	0.0188891
4	-0.00316265
1	0.0530677
2	0.0549044
3	0.00166513
1	0.00752377
2	0.00789561
1	0.0808508
2	-0.0868109
3	-0.0573648
4	0.00719647
1	-0.0828637
2	-0.0662475
3	0.0119857
4	0.00461548
1	-0.0182149
2	0.0167384
3	-0.00487278
1	0.0318033
2	0.0345569
3	-0.00773161
1	0.0539521
2	0.0352442
3	0.0221604
4	-0.0151775
5	0.0138817
6	0.00510318
1	-0.0393858
2	0.0267612
3	0.00718379
1	-0.0809603
2	-0.0577084
3	-0.0225778
4	-0.0142086
5	-0.0105514
6	-0.000964492
1	0.0438261
2	0.0153622
3	-0.00428689
1	-0.025313
2	-0.00471372
1	-0.0135254
2	-0.00369862
1	-0.0971876
2	0.0872808
3	0.054443
4	0.0327087
5	0.000317434
1	-0.025642
2	0.0009484
1	-0.0574258
2	-0.00291349
1	-0.0294988
2	0.0168288
3	-0.0117435
4	-0.00452464
1	-0.0476845
2	-0.035999
3	-0.0315616
4	-0.0107217
5	0.0012922
1	0.0099044
2	-0.00037166
1	0.0671083
2	-0.0197844
3	0.00678914
1	-0.0634133
2	0.0751275
3	-0.016861
4	-0.00190996
1	-0.0331532
2	0.0328413
3	0.00759369
1	-0.035591
2	0.0158584
3	-0.0130623
4	0.0103372
5	-0.00603062
1	0.0504833
2	0.0230705
3	-0.0218401
4	0.0125063
5	-0.00605273
1	0.0429932
2	-0.0210798
3	-0.00556991
1	-0.0227996
2	0.0232188
3	-0.00949712
4	-0.00477776
1	-0.00867897
2	-0.00303001
1	-0.0287847
2	0.0175361
3	0.00768005
1	0.000545557
1	0.0560722
2	0.0428812
3	0.0170556
4	-0.0131311
5	0.00571055
1	0.055803
2	-0.00692681
1	-0.0858764
2	-0.0350975
3	0.0331849
4	-0.0147694
5	-0.00170143
1	-0.0217574
2	-0.0187545
3	-0.0142854
4	-0.0106264
5	0.00880605
6	0.00153992
1	-0.0137444
2	0.000946688
1	0.012249
2	-0.0139784
3	0.000926448
1	0.0612198
2	-0.0704694
3	0.00828473
4	-0.00587831
1	0.0128755
2	-0.0125762
3	-0.00141942
1	-0.0418052
2	0.00170551
1	-0.0315638
2	-0.0158301
3	0.0136746
4	-0.00218292
1	-0.0351981
2	-0.00415368
1	-0.0199212
2	-0.0100914
3	-0.0071687
1	0.0441935
2	-0.0401024
3	0.0116812
4	-0.00212886
1	0.0274461
2	-0.0250508
3	-0.00111753
1	-0.0195423
2	-0.0164019
3	-0.00901311
4	0.00405977
1	0.0752323
2	-0.0633415
3	-0.015513
4	0.000634615
1	0.0341249
2	0.00357512
1	-0.0389634
2	-0.0105312
3	-0.00342264
1	0.0470386
2	-0.0601189
3	-0.0389285
4	-0.00733675
1	0.010137
2	0.00343065
1	-0.0711675
2	-0.0160079
3	0.00263429
1	-0.0578498
2	0.0582521
3	-0.0526024
4	0.0333321
5	-0.00573935
1	0.0693634
2	0.0505417
3	0.0181335
4	-0.00702964
1	0.0360786
2	0.00169407
1	0.0251284
2	0.0164866
3	0.00705467
1	-0.0780416
2	0.0198465
3	0.00695886
1	-0.0696678
2	-0.088217
3	0.0691534
4	-0.0436254
5	0.0363419
6	0.0229991
7	0.012919
8	0.000311078
1	0.0224792
2	0.0184937
3	0.0115239
4	-0.00916828
5	-0.00584101
1	0.0782741
2	-0.0166539
3	0.00306591
1	0.0137879
2	0.0115073
3	0.00257405
1	-0.0258332
2	0.0173237
3	-0.0119035
4	-0.000529386
1	-0.0731887
2	0.0281156
3	0.0191702
4	0.00263403
1	0.0613787
2	-0.0771552
3	-0.00181015
1	-0.0405685
2	-0.00425815
1	-0.00525609
1	-0.0387826
2	-0.0057218
1	-0.0739666
2	0.0514859
3	0.0127155
4	0.00554905
1	-0.0460308
2	0.054566
3	-0.026505
4	0.0155841
5	0.00621377
1	0.00320124
1	0.0266973
2	0.0176189
3	0.00272333
1	-0.0308882
2	0.0254087
3	-0.021336
4	0.0182817
5	0.00469121
1	0.0579299
2	0.0590143
3	0.0312812
4	-0.0077179
1	0.0349717
2	-0.0335955
3	0.0352193
4	-0.0327834
5	0.00839555
6	-0.000101015
1	-0.0535649
2	-0.0229077
3	-0.00477687
1	0.0223788
2	0.00138959
1	-0.0965403
2	-0.0155058
3	-0.00691542
1	-0.0407584
2	-0.00780289
1	0.031897
2	0.020989
3	0.00138551
1	-0.0199509
2	-0.0087012
3	-0.00468107
1	-0.0941241
2	-0.0512161
3	0.0476605
4	0.0213324
5	-0.000575189
1	0.0208048
2	0.0259221
3	-0.0200671
4	-0.00194336
1	0.0198539
2	0.00973139
3	0.00412881
1	0.052774
2	-0.0581284
3	-0.0335125
4	0.00151863
1	0.036379
2	0.0337899
3	-0.00567613
1	-0.0134309
2	-0.0139317
3	-0.00866339
4	0.000368221
1	0.0392769
2	0.0169539
3	-0.0154864
4	0.00674519
1	0.00900929
2	0.0092269
3	-0.00746143
1	-0.0201712
2	0.0152536
3	0.00587223
1	0.043033
2	-0.0392382
3	-0.0164338
4	-0.00120556
1	-0.066082
2	-0.0156354
3	0.0146823
4	-0.00568016
1	-0.0427393
2	-0.0256372
3	-0.00922051
4	-0.00651777
1	-0.00184256
1	-0.0304358
2	0.00969141
3	0.00594315
1	0.0173
2	0.00685663
1	0.0647533
2	-0.00635622
1	-0.0388186
2	0.0542172
3	-0.0346336
4	-0.0241773
5	-0.00954666
6	-0.00452386
1	0.0293751
2	0.0225674
3	0.00732768
1	-0.0200678
2	0.026319
3	0.000983136
1	0.0305736
2	-0.0042269
1	0.0760868
2	0.0076603
1	0.0861648
2	-0.0213805
3	-0.0118958
4	-0.00530212
1	0.027022
2	0.00391336
1	0.00720199
2	-0.00327107
1	-0.0672015
2	0.0360054
3	0.0242515
4	-0.0227605
5	-0.0122223
6	0.0110212
7	0.00793692
1	0.0624386
2	0.0596425
3	0.0390853
4	0.0222161
5	-0.0115159
6	-0.00205413
1	0.0250278
2	0.00467697
1	-0.0390614
2	0.0216095
3	0.00290093
1	-0.0595962
2	-0.0244788
3	-0.00377133
1	-0.0266423
2	0.0146938
3	-0.00875083
4	0.00282014
1	-0.068257
2	-0.0574088
3	0.0542747
4	-0.0271142
5	0.0121886
6	-0.00346948
1	0.0413186
2	0.0347396
3	-0.0173056
4	-0.00349745
1	0.0212796
2	-0.0235728
3	0.0179437
4	-0.00301319
1	-0.0560722
2	-0.00865398
3	-0.000895163
1	0.00424135
1	-0.0406868
2	0.0406917
3	0.00312946
1	-0.00112476
1	0.00812967
2	-0.0102028
3	0.00607081
1	0.0412452
2	0.0237673
3	0.00566583
1	-0.0701613
2	-0.0726699
3	-0.0163772
4	-0.00861717
5	-0.000469819
1	0.0511373
2	0.020281
3	-0.00286473
1	0.00877216
2	-0.00682143
1	0.0915285
2	-0.0483533
3	-0.0039334
1	0.057865
2	-0.0752861
3	-0.0376919
4	0.00991592
5	0.00861248
6	0.00217356
1	0.0545581
2	-0.0276902
3	0.0121521
4	0.00586615
1	0.00464377
1	0.045729
2	0.0185981
3	-0.00887697
4	0.00626636
1	0.0439065
2	-0.0376342
3	-0.0239236
4	-0.0143951
5	-0.00680229
1	0.042225
2	0.00940387
3	0.000264535
1	0.0458139
2	0.0445653
3	-0.0254846
4	0.0121218
5	-0.010745
6	0.00951338
7	-0.00575824
1	-0.00654347
2	-0.00714853
1	0.0200358
2	-0.00608108
1	0.0128071
2	0.00422247
1	-0.0375016
2	0.00956951
3	0.00334905
1	0.0276648
2	0.0352477
3	0.0178679
4	0.0101201
5	0.00130588
1	-0.000672933
1	0.00804716
2	-0.00919467
3	0.00830788
4	-0.00202304
1	0.00720679
2	0.00565043
1	-0.0668212
2	0.0305792
3	0.00738979
1	0.00132557
1	-0.0469451
2	-0.0399077
3	0.00462549
1	0.0367889
2	0.0175504
3	0.0077578
1	-0.102103
2	-0.00524162
1	-0.0507023
2	0.00997494
3	-0.00427061
1	0.0579299
2	0.00533222
1	-0.0095463
2	-0.00274229
1	-0.0161672
2	0.0173383
3	-0.0115612
4	-0.0015745
1	0.0583871
2	-0.0756195
3	-0.0507363
4	0.00732104
1	0.0394507
2	-0.00793128
1	-0.0307221
2	-0.0208417
3	0.0042369
1	-0.0583871
2	-0.00678517
1	-0.0266343
2	0.027927
3	0.00292954
1	-0.00475326
1	0.050893
2	0.0137323
3	0.0022898
1	-0.0524121
2	-0.0294036
3	-0.0152947
4	0.013761
5	-0.0111204
6	-0.00766045
1	0.0407584
2	0.0189499
3	-0.00376343
1	0.000312166
1	-0.027908
2	-0.0177609
3	0.00811435
4	0.0037571
1	0.0326445
2	0.0106614
3	0.00785525
1	0.0487903
2	-0.0172677
3	0.00703793
1	0.0474738
2	-0.0568252
3	0.0325152
4	0.0227588
5	0.00275256
1	0.027837
2	0.0179041
3	0.0114926
4	0.00238773
1	-0.0343196
2	0.00743844
1	0.000267571
1	0.0411979
2	-0.0272007
3	0.0248722
4	0.00233355
1	-0.0777839
2	0.0238048
3	0.0102952
4	0.00324711
1	0.0424565
2	0.0306389
3	-0.0154693
4	-0.00105515
1	-0.025799
2	0.0270458
3	0.00986022
4	-0.0013093
1	-0.0114567
2	0.00953011
3	-0.00614011
1	0.0397485
2	0.0150662
3	0.00547104
1	-0.039675
2	-0.0499054
3	-0.0173672
4	-0.0123818
5	0.00252831
1	-0.0513806
2	-0.0402106
3	0.0420768
4	0.0294533
5	0.00945432
6	-0.00530037
1	-0.00249706
1	0.027633
2	0.0286824
3	0.0105508
4	-0.00453304
1	-0.0663897
2	0.0581732
3	-0.0164712
4	0.000264082
1	-0.0495559
2	-0.0330464
3	0.0268786
4	0.0200131
5	0.0110195
6	-0.00950243
7	-0.00560967
1	-0.103276
2	0.0360635
3	-0.0198931
4	0.011867
5	-0.00547288
1	-0.0201143
2	-0.0219268
3	0.00412643
1	-0.00309442
1	-0.0140186
2	0.0100576
3	0.00011851
1	0.0658428
2	-0.0228611
3	0.0201412
4	0.00239817
1	0.0393586
2	0.0213314
3	-0.0042197
1	-0.00503632
1	-0.0652072
2	0.0190214
3	-0.00215187
1	0.0127724
2	0.0114235
3	-0.00228195
1	-0.0892854
2	0.0663166
3	0.0181542
4	0.0126911
5	0.00172636
1	0.0734675
2	0.0294999
3	0.00122417
1	0.0718997
2	-0.0367597
3	0.0273218
4	-0.0110011
5	0.00295061
1	-0.0560425
2	-0.0105827
3	0.0015295
1	-0.0854865
2	0.0714155
3	-0.0263557
4	-0.0180463
5	0.00829912
6	-0.00267754
1	-0.046975
2	-0.0195611
3	0.00773106
1	-0.0539428
2	-0.00455072
1	0.0403068
2	0.00286263
1	0.0145834
2	0.0153714
3	-0.00527212
1	0.0697127
2	0.0565296
3	-0.048471
4	0.0251633
5	-0.0147982
6	-0.0094911
7	0.00613357
1	0.0509434
2	-0.0607525
3	0.0321767
4	-0.0304392
5	-0.0201533
6	0.0162574
7	-0.00379904
1	-0.0697137
2	0.0238384
3	-0.0218779
4	-0.00425196
1	0.0665026
2	-0.00475135
1	-0.0741797
2	0.0282665
3	0.0144285
4	-0.00522396
1	0.0486499
2	-0.0478034
3	0.0419456
4	-0.030348
5	-0.00202722
1	0.0782645
2	0.0635891
3	-0.047132
4	0.0180033
5	-0.00634029
1	-0.0621478
2	-0.050683
3	-0.0186958
4	-0.0135716
5	-0.00571233
1	0.0198542
2	-0.0290724
3	-0.00504532
1	-0.064201
2	0.0716834
3	0.00982319
4	-0.00316014
1	-0.00895722
2	7.4198e-006
1	-0.0732568
2	0.0911974
3	0.0256333
4	0.0150728
5	0.00787565
1	0.0104657
2	-0.00155227
1	0.0427665
2	0.033507
3	0.0147643
4	0.00144286
1	0.0040133
1	0.00287599
1	0.0382803
2	-0.0420906
3	0.0102641
4	-0.00517941
1	0.0500774
2	0.0311286
3	-0.0194353
4	0.0175552
5	-0.00376232
1	-0.0793004
2	-0.0387601
3	0.0296885
4	0.00691156
1	-0.0612682
2	-0.0586755
3	0.0292207
4	-0.0236937
5	-0.0067991
1	0.0729724
2	0.0506517
3	-0.00319845
1	-0.00593383
2	-0.00182405
1	0.0487567
2	-0.0548248
3	-0.0335579
4	-0.0175243
5	-0.0116182
6	-0.00855462
7	0.00714185
1	-0.0171197
2	-0.00852781
3	-0.000142685
1	0.00945631
2	-0.0125167
3	-0.0080138
4	-0.00443361
1	0.0758996
2	0.0302903
3	0.00919401
4	0.00157662
1	0.0877537
2	0.0527024
3	0.0122644
4	-0.0107132
5	0.00927275
6	-0.00442412
1	0.0567849
2	0.0452812
3	0.0202012
4	-0.0158293
5	0.00389908
1	-0.00769387
2	-0.00629748
1	0.0569133
2	-0.0745428
3	0.0488472
4	0.0223489
5	1.79039e-005
1	0.0209603
2	-0.0246115
3	0.00377683
1	0.0674792
2	0.0104807
3	0.00137266
1	0.0341385
2	0.0130392
3	-0.00221154
1	0.082524
2	0.0254217
3	-0.00703578
1	0.0302264
2	-0.0248305
3	0.0147004
4	-0.00671693
1	0.0579075
2	0.0380836
3	0.0252947
4	0.0155182
5	0.00626705
1	-0.054212
2	-0.00164431
1	-0.0503845
2	0.0122225
3	-0.000822831
1	-0.0726551
2	0.0717641
3	0.0373889
4	0.00153357
1	0.00606441
2	-0.00249604
1	0.0299661
2	-0.0336583
3	0.0294558
4	0.0120603
5	0.00742454
1	0.0117894
2	0.0020809
1	-0.0102569
2	0.00668709
1	-0.0285772
2	-0.0234486
3	0.0048411
1	-0.0119237
2	0.00233002
1	0.0726551
2	-0.0575485
3	0.0440963
4	-0.0176658
5	-0.00562452
1	0.067959
2	0.0707222
3	0.0287766
4	0.0124777
5	0.0056609
1	-0.0816717
2	-0.0261114
3	-0.00925681
4	0.001945
1	0.0360374
2	-0.000550769
1	0.0460131
2	0.00103453
1	0.0232554
2	-0.0270638
3	0.0253944
4	0.000336544
1	0.0551228
2	0.0491558
3	0.0152443
4	0.00968021
5	0.00478368
1	-0.0792859
2	0.10578
3	-0.0717914
4	0.0471691
5	0.0424418
6	-0.0137213
7	0.0125789
8	0.00805133
9	0.00684283
1	-0.0691012
2	-0.0357611
3	0.00340176
1	-0.0012954
1	0.0389313
2	-0.00521146
1	0.0778944
2	-0.0709351
3	-0.00310437
1	0.0555039
2	-0.0354194
3	0.0240418
4	0.00631292
1	0.0710452
2	-0.0432613
3	-0.0121557
4	0.00459458
1	-0.0696654
2	-0.0255608
3	-0.00196018
1	0.0219932
2	0.0235195
3	-0.0108578
4	0.00292192
1	0.0129227
2	0.0125427
3	0.00530453
1	0.0534854
2	-0.0484032
3	-0.0208408
4	0.0145988
5	0.000710069
1	-0.00846934
2	-0.00256485
1	-0.0179804
2	0.0214589
3	-0.017129
4	-0.00170979
1	0.0570551
2	0.0599813
3	-0.0445083
4	-0.0189527
5	0.0171352
6	0.0116156
7	-0.00505014
1	-0.0287799
2	0.0222206
3	0.0142542
4	0.00198928
1	0.0317336
2	-0.0326653
3	-0.0127508
4	-0.0109259
5	-0.00764974
1	0.00449183
1	0.0199252
2	-0.0161801
3	-0.00496373
1	0.0446892
2	-0.027044
3	0.017597
4	-0.0147183
5	0.0050545
1	0.0844211
2	-0.0576861
3	-0.00440739
1	0.0321913
2	-0.0012573
1	-0.0760703
2	0.0655372
3	0.0303555
4	-0.0047815
1	-0.0510997
2	0.00776947
1	0.0174936
2	-0.00744981
1	0.0255234
2	-0.0152839
3	0.00279388
1	-0.0780469
2	-0.0109711
3	0.00280006
1	0.0439628
2	0.00327753
1	-0.0205458
2	0.0243793
3	0.0159241
4	0.00763778
1	-0.0532771
2	-0.0134753
3	0.00785001
1	-0.00344478
1	0.0393741
2	-0.029475
3	0.0255196
4	0.00618987
1	0.01759
2	-0.0209536
3	-0.0149344
4	-0.00593598
1	0.0253359
2	0.00376611
1	0.00334651
1	-0.046704
2	-0.00290616
1	0.0251853
2	0.0228206
3	-0.0122818
4	-0.00516411
1	0.038225
2	0.0173626
3	0.00565951
1	0.00540777
1	-0.0566145
2	0.00782948
1	0.0513031
2	0.00928849
3	-0.00834741
4	0.00132962
1	0.0488533
2	-0.041405
3	-0.0243363
4	2.11672e-006
1	-0.00525609
1	-0.0376386
2	0.000692158
1	-0.0149306
2	-6.29785e-005
1	0.0588504
2	-0.0632181
3	0.000610341
1	0.0481067
2	-0.0491579
3	-0.0125749
4	0.00196435
1	-0.00319483
1	-0.0453899
2	-0.00453416
1	0.0551186
2	0.0369884
3	-0.00438392
1	-0.0303236
2	-0.0127051
3	-0.00309127
1	-0.031481
2	-0.0372145
3	0.0251776
4	0.0141684
5	-0.0037175
1	-0.00709891
2	-0.00152876
1	0.0608462
2	0.0364908
3	-0.029895
4	0.00134517
1	-0.0952841
2	-0.0205694
3	-0.0101136
4	-0.00696828
1	0.0352329
2	-0.0233997
3	-0.00545447
1	0.0365475
2	-0.0417797
3	-0.0309389
4	0.0251124
5	-0.0234292
6	0.0138116
7	-0.00514038
1	-0.000269707
1	-0.00487156
1	0.0188109
2	-0.0217379
3	0.00109094
1	-0.0250126
2	0.00207706
1	-0.0133358
2	-0.00480364
1	0.0335577
2	-0.0153041
3	0.0159904
4	0.00360512
1	-0.00235206
1	-0.0236408
2	0.00269365
1	0.0584298
2	-0.0506854
3	-0.00624615
1	-0.0627297
2	-0.0103173
3	0.00959597
4	-0.00493882
1	0.0161744
2	-0.0193102
3	0.0151127
4	3.11321e-006
1	-0.0147554
2	-0.0121985
3	0.0077382
1	0.022359
2	0.00406494
1	0.0266658
2	0.0194736
3	0.0114174
4	-0.00778259
1	0.0243511
2	0.0273796
3	-0.0116602
4	0.00825538
5	-0.00787453
1	0.0423347
2	-0.044514
3	-0.00808784
4	-0.00463933
1	0.0690173
2	-0.090964
3	-0.0149097
4	0.00963874
5	-0.00242984
1	-0.0369176
2	0.00282722
1	0.0788213
2	-0.0863785
3	-0.0599084
4	-0.0447105
5	-0.01055
6	0.0059189
1	-0.00498692
1	0.0285484
2	-0.00420424
1	-0.0343153
2	-0.0153053
3	-0.00857831
4	0.00564964
1	0.033413
2	-0.0119368
3	0.00396329
1	-0.0756222
2	-0.0782988
3	-0.01468
4	0.00987974
5	-0.00419977
1	-0.0527075
2	0.064762
3	0.0550697
4	0.0293428
5	0.0143358
6	-0.0137907
7	-0.00183742
1	0.0348398
2	0.0235733
3	-0.00662607
1	-0.0255634
2	0.0032989
1	-0.0606788
2	0.0612547
3	-0.0514399
4	-0.0212794
5	-0.00599086
1	-0.0115424
2	-0.00199616
1	-0.00759133
2	-0.00620819
1	-0.02281
2	0.00265747
1	0.0509074
2	-0.033931
3	0.0175044
4	0.00273769
1	-0.0388787
2	0.0393181
3	0.00666502
1	0.08366
2	-0.0185171
3	-0.00430405
1	-0.0578162
2	-0.0667285
3	-0.0139431
4	-3.25525e-005
1	0.00369846
1	0.0406812
2	0.00738932
1	0.0771924
2	0.0147885
3	-0.00671134
1	-0.0639794
2	-0.0639427
3	0.00571546
1	0.014162
2	0.0181544
3	0.00187988
1	-0.0694061
2	-0.0513762
3	-0.0282709
4	-0.0143725
5	-0.00315252
1	0.0652521
2	-0.0238667
3	-0.00774323
1	-0.00372677
1	-0.0632589
2	-0.055981
3	-0.0408838
4	-0.0152888
5	0.0054788
1	-0.0452179
2	-0.0284193
3	-0.0244705
4	0.011284
5	0.000719563
1	-0.0581134
2	-0.00732723
1	0.0461985
2	-0.0626367
3	0.0444902
4	-0.0244287
5	0.0188204
6	0.00742876
1	0.0218968
2	0.00808237
3	0.000570529
1	0.0490093
2	-0.0503407
3	0.00787841
1	-0.0858764
2	0.105129
3	0.0285747
4	0.00309702
1	0.0532071
2	0.0636324
3	-0.0142405
4	-0.000553789
1	0.0335334
2	0.0347807
3	0.000564428
1	0.00334384
1	0.0140974
2	0.000625619
1	0.0217237
2	0.010949
3	-0.00369184
1	0.00887631
2	-0.00791048
1	-0.0436005
2	-0.0270101
3	0.0134903
4	0.00175232
1	0.0234982
2	-0.0295069
3	0.000837516
1	-0.0298515
2	0.0196265
3	0.00690463
1	-0.0215899
2	-0.0176948
3	0.00858125
4	-0.00053167
1	-0.0812941
2	0.0962703
3	0.00670046
1	0.0160567
2	-0.00372619
1	0.0210364
2	0.0233299
3	-0.0030343
1	-0.0449426
2	0.02684
3	-0.0217727
4	-0.00574153
1	0.0334752
2	-0.00573432
1	0.07112
2	-0.0314595
3	0.0158695
4	0.00713175
1	0.0188699
2	0.0100876
3	0.00811794
4	0.00485319
1	0.0188776
2	-0.0113724
3	0.00601728
1	0.00575304
2	0.00307211
1	-0.0155952
2	-0.00408522
1	0.0084891
2	0.00785163
1	0.0183729
2	-0.00856929
3	-0.00555143
1	-0.0627775
2	-0.060589
3	-0.0363173
4	0.0320944
5	-0.022269
6	0.0156547
7	-0.00487684
1	0.00485153
1	-0.0373318
2	0.05313
3	0.0146733
4	-0.0143754
5	-0.00882013
6	-0.00555541
1	0.0109894
2	0.00151567
1	0.0496966
2	0.00242775
1	-0.0473553
2	0.0364048
3	-0.0147333
4	-0.00492792
1	-0.0447631
2	-0.03299
3	0.0308211
4	0.0169473
5	-0.00280755
1	0.00272057
1	0.0166471
2	0.0164111
3	0.00731205
1	0.0123801
2	-0.0108524
3	0.0109885
4	6.16209e-005
1	-0.0158994
2	0.00322543
1	-0.0834464
2	0.0543623
3	0.000954371
1	-0.0795695
2	-0.0282269
3	-0.0115797
4	-0.00408464
1	0.0358073
2	-0.0324554
3	-0.00180145
1	0.0990846
2	-0.144744
3	0.123841
4	-0.0135918
5	0.00771782
1	0.0806265
2	0.0327567
3	-0.00589195
1	-0.0793068
2	-0.069669
3	-0.00589381
1	-0.00725005
2	-0.00301855
1	-0.0351399
2	0.0138658
3	0.00381705
1	-0.035752
2	-0.034732
3	0.0152425
4	-0.00275234
1	-0.0436378
2	-0.0312917
3	-0.00640139
1	-0.0569131
2	-0.0371895
3	-0.00148199
1	0.0286328
2	0.00918008
3	0.00625221
1	0.0302852
2	-0.0146383
3	-0.00529452
1	-0.030705
2	-0.000399593
1	-0.027978
2	0.0367557
3	-0.00326939
1	0.0591316
2	0.0533571
3	0.0165093
4	0.00871429
5	0.005618
1	-0.0244996
2	-0.0178363
3	-0.00826368
4	0.00505477
1	0.095329
2	0.0557993
3	0.0331506
4	0.00616509
1	-0.0227919
2	-0.0190264
3	-0.00198533
1	0.0455015
2	0.0309453
3	-0.00328908
1	0.0692822
2	0.0544017
3	-0.0118404
4	0.00772113
1	0.00855586
2	-0.00574676
1	0.00829844
2	0.000471328
1	0.0442547
2	0.0432772
3	-0.0157417
4	-0.0108136
5	0.0112534
6	-0.000928228
1	0.00979919
2	-0.000409109
1	-0.00668394
2	-0.00671922
1	-0.0477686
2	-0.0289259
3	-0.00523111
1	0.0404962
2	0.000479346
1	0.0331924
2	-0.0428841
3	-0.015124
4	0.00685439
1	-0.0179745
2	0.00714764
1	-0.0210436
2	0.0151969
3	0.00897846
4	-0.00346106
1	0.0714297
2	0.0498845
3	-0.0186228
4	0.00253801
1	0.00853984
2	0.00857627
3	-0.0016376
1	0.0608575
2	0.0341235
3	-0.0154533
4	-0.0034041
1	-0.0196406
2	0.011281
3	0.00049189
1	-0.0461969
2	-0.0151645
3	0.00474957
1	-0.0399121
2	-0.0266872
3	-0.000767827
1	-0.0197482
2	0.00180844
1	0.000997383
1	0.0114543
2	-0.0121901
3	0.00796969
1	-0.0682899
2	-0.0166088
3	0.0117865
4	-0.00526386
1	-0.0263381
2	-0.00604366
1	0.0749872
2	-0.0509351
3	0.0447998
4	0.0177008
5	-0.00206295
1	0.0775339
2	-0.0123121
3	-0.000508274
1	-0.0396342
2	0.0267854
3	0.0151872
4	0.00815303
5	0.000730033
1	0.0309256
2	-0.0303798
3	0.0278532
4	-0.0251964
5	-0.0152357
6	-0.0010563
1	-0.00277985
1	0.0526813
2	-0.00925826
3	-0.00416342
1	0.0594512
2	0.0530001
3	-0.0111243
4	-0.00690636
1	-0.0611167
2	-0.00296166
1	-0.0545717
2	-0.0353081
3	0.0117006
4	-0.00454805
1	-0.00417646
1	0.0730829
2	0.0643139
3	-0.0185773
4	-0.00124247
1	-0.0380127
2	-0.0247348
3	-0.00992464
4	-0.00433792
1	-0.0438969
2	-0.0477165
3	-0.0243064
4	0.000418595
1	-0.0550748
2	-0.0153163
3	-0.00173814
1	-0.00942827
2	0.00500152
1	0.00230934
1	0.0403893
2	0.00298867
1	0.00927686
2	-0.00408704
1	-0.0501154
2	0.018322
3	0.000897033
1	-0.00496689
1	-0.0489198
2	-0.00056146
1	0.0244211
2	0.0181067
3	-0.00927188
4	0.00298359
1	0.0270808
2	0.00828737
3	0.00529762
1	0.0484247
2	0.0426144
3	-0.0165063
4	-0.0110026
5	0.00707305
1	-0.0668583
2	-0.0517464
3	0.0376101
4	0.0198323
5	-0.0159658
6	-0.0135597
7	0.00134394
1	-0.0869974
2	-0.111021
3	0.0326707
4	0.0219717
5	0.00965643
6	0.00210548
1	0.0992064
2	0.0794039
3	0.0343247
4	0.00532013
1	0.0028816
1	-0.0609221
2	-0.00755985
1	-0.0206684
2	-0.0113917
3	-0.000781446
1	-0.00626949
2	0.00370419
1	0.0181452
2	-0.0182345
3	0.0172245
4	0.00860566
5	-0.00110878
1	-0.0382691
2	-0.00415444
1	0.0680218
2	0.0712795
3	0.0450019
4	-0.0158281
5	-0.00840722
6	-0.00339046
1	-0.0458243
2	0.0132382
3	0.00478359
1	-0.010392
2	-0.00593295
1	-0.0531874
2	-0.00890267
3	-0.0023175
1	0.0497794
2	0.00987205
3	0.00419631
1	0.0786635
2	0.0307951
3	0.00113201
1	-0.0203269
2	0.0139292
3	0.00858184
4	-0.00282324
1	-0.017665
2	-0.001152
1	-0.00600513
2	-0.00401749
1	0.0216142
2	-0.0125823
3	-0.00541689
1	-0.0300769
2	-0.0228213
3	-0.00585926
1	0.0233737
2	-0.0129341
3	-0.00467104
1	-0.0803706
2	-0.00414172
1	0.0846902
2	0.0882195
3	-0.0554026
4	0.00631101
1	0.0295001
2	0.0232055
3	0.00367024
1	0.0511822
2	-0.0517501
3	0.0302444
4	0.0138743
5	0.00681118
1	-0.000855586
1	0.0710025
2	0.0311962
3	-0.0162812
4	0.0111541
5	-0.00321435
1	-0.0512038
2	0.0554027
3	0.00402192
1	-0.0185665
2	0.0100745
3	0.00130941
1	-0.0276303
2	-0.00404482
1	-0.0581436
2	-0.0596806
3	-0.00588209
1	0.025024
2	-0.00189358
1	0.0445578
2	0.00628828
1	-0.00976314
2	-0.0111697
3	-0.00892339
4	-0.00152511
1	-0.0464537
2	0.00276867
1	0.0997127
2	0.0137995
3	-0.00737874
1	0.0111435
2	-0.00217339
1	0.0532301
2	-0.0680828
3	-0.00833867
4	0.00649487
1	-0.0454326
2	-0.000106961
1	-0.0691703
2	0.0117231
3	-0.00578891
1	-0.0406187
2	0.0243705
3	0.00223125
1	0.00566332
2	0.000834798
1	-0.0493885
2	0.0592847
3	-0.0112514
4	-0.00375095
1	-0.0043957
1	-0.069945
2	0.0221126
3	-0.000450662
1	0.0148021
2	0.00467898
1	0.0844852
2	0.0702263
3	-0.0599946
4	-0.0394633
5	-0.0156573
6	-0.000168438
1	-0.0717082
2	0.0566619
3	0.0199955
4	-0.00971439
5	0.00695156
1	0.014283
2	-0.0190108
3	0.0126648
4	0.00728043
1	-0.062516
2	-0.050303
3	-0.00497511
1	-0.0249826
2	0.0300506
3	0.00748079
1	0.0228317
2	-0.0044483
1	-0.0644173
2	-0.0533705
3	-0.000347421
1	0.0178701
2	-0.00766107
1	-0.0163878
2	0.0172416
3	-0.0158996
4	-0.00498067
1	-0.0708796
2	0.0500506
3	0.0294672
4	0.0118545
5	-3.09323e-005
1	-0.101174
2	-0.0194623
3	-0.000487344
1	-0.0683636
2	0.0521078
3	0.0186646
4	-0.00959055
5	-0.00158557
1	0.076669
2	-0.0472828
3	0.0408527
4	-0.0317782
5	0.0211888
6	-0.0123582
7	0.00622505
1	0.0901378
2	0.0260783
3	0.00491549
1	-0.00624973
2	-0.00634363
1	-0.0122987
2	-0.00738872
1	0.0166906
2	0.0131355
3	-0.0085649
4	-0.00458462
1	-0.0536451
2	0.0185704
3	-0.00528443
1	-0.0614586
2	0.0777774
3	-0.0333375
4	-0.0198212
5	0.00490133
1	0.104141
2	0.0930417
3	0.0596166
4	0.00198134
1	-0.088715
2	-0.0169003
3	0.000681566
1	-0.0586704
2	-0.00754902
1	-0.029718
2	0.00987888
3	-0.00621777
1	0.0267988
2	0.0126824
3	0.0030142
1	-0.0634186
2	0.0544953
3	-0.0106853
4	-0.00366909
1	-0.0419021
2	0.0388492
3	-0.0130869
4	-0.0050012
1	0.0770161
2	0.0469085
3	0.02486
4	-6.48681e-005
1	-0.081497
2	0.0538484
3	-0.0210464
4	-0.00198087
1	0.0440451
2	-0.0464431
3	0.00958131
4	0.005973
1	-0.0102118
2	0.00510713
1	0.0405191
2	0.0421732
3	-0.0179225
4	0.0102303
5	0.00303447
1	-0.0732082
2	0.0133141
3	-0.00697135
1	-0.0259912
2	-0.0130753
3	-0.00799912
1	-0.0432565
2	0.000293068
1	-0.0196988
2	0.0183533
3	-0.00237321
1	0.0641041
2	-0.0782367
3	-0.0207942
4	0.0168384
5	0.000224695
1	0.0414166
2	0.0158806
3	0.00558013
1	0.030322
2	0.00525486
1	-0.0601386
2	-0.0074174
1	-0.0559207
2	-0.0134689
3	0.011713
4	0.00371421
1	0.0323812
2	-0.0373956
3	0.0383163
4	-0.0247928
5	-0.017929
6	0.00267077
1	0.0013731
1	0.00636349
2	1.17355e-005
1	-0.0378749
2	0.0120508
3	0.00493943
1	0.0302507
2	-0.0259846
3	-0.0123531
4	-8.39766e-005
1	0.0264583
2	0.0124563
3	-0.00969665
4	-0.00572841
1	-0.0852569
2	0.0821562
3	0.0710002
4	-0.0695859
5	0.0194747
6	-0.000219073
1	-0.059863
2	-0.0475889
3	0.0413279
4	0.026568
5	0.0144217
6	0.00616192
1	-0.0161074
2	-0.00973422
3	-0.00278373
1	0.0545204
2	-0.0378868
3	0.0227515
4	-0.000348282
1	-0.04335
2	0.0506852
3	-0.0441495
4	0.0234037
5	0.0146761
6	-0.0115408
7	-0.00734936
1	0.0774007
2	0.0559451
3	0.00146363
1	0.0223881
2	-0.00434148
1	-0.088433
2	-0.00418417
1	-0.0234165
2	-0.0185616
3	0.00733552
1	-0.0475547
2	-0.0325376
3	-0.0141234
4	-0.00688209
1	0.0621958
2	-0.078914
3	0.0452688
4	-0.00114053
1	-0.0832274
2	0.105147
3	-0.079023
4	0.0403564
5	-0.0314962
6	0.0101908
7	0.00235356
1	0.0069718
2	0.00697633
1	-0.0506067
2	0.0499169
3	0.00685754
1	-0.030753
2	-0.0160329
3	-0.00396773
1	0.0659066
2	0.058699
3	0.00771334
1	-0.0019467
1	-0.021536
2	0.0278518
3	0.019749
4	0.00632439
1	-0.0302726
2	-0.0143937
3	-0.0087826
4	-0.0020215
1	-0.0201987
2	0.0172931
3	-0.00363645
1	0.0175563
2	-0.0125011
3	-0.00208966
1	-0.0694587
2	0.0577928
3	-0.0383185
4	0.0134036
5	0.00910319
6	0.000130226
1	0.0587722
2	0.0453803
3	-0.0127964
4	-0.000638806
1	0.0172514
2	0.00689434
1	0.00665189
2	-0.00579338
1	-0.0253642
2	-0.017484
3	0.00106703
1	-0.0150363
2	-0.0032674
1	0.0532533
2	0.0134428
3	-0.00605893
1	-0.0560433
2	-0.0244917
3	-0.00987532
4	-0.00465723
1	0.0143647
2	-0.015598
3	-0.00363447
1	-0.0291909
2	-0.0132808
3	-0.00681744
1	-0.0589805
2	-0.0347971
3	0.00506548
1	-0.0268284
2	0.0322542
3	0.00398883
1	-0.0137609
2	0.0164731
3	0.00925055
4	4.62429e-005
1	-0.0621566
2	0.00495315
1	0.0241807
2	-0.0281587
3	0.0124116
4	-0.00686727
1	0.0226899
2	-0.0021449
1	-0.100962
2	0.0113532
3	0.000681099
1	0.0500307
2	-0.013869
3	0.00188303
1	-0.0190753
2	0.00786977
1	-0.00585639
2	-0.00523891
1	0.0698163
2	0.0308577
3	-0.0201125
4	0.00736182
1	0.0193698
2	-0.0258199
3	-0.0183762
4	0.00014898
1	0.00985847
2	-0.00726546
1	-0.0397872
2	0.0366214
3	-0.00756496
1	0.0744168
2	0.00426803
1	0.0347813
2	0.0101424
3	-0.00609103
1	-0.0497906
2	0.0265862
3	0.0149357
4	0.00499769
1	-0.00319803
1	0.0433609
2	-0.0185016
3	0.00236556
1	0.0304876
2	-0.0180709
3	0.0111601
4	-0.0098016
5	-0.00131943
1	0.0270639
2	0.00504331
1	0.0679686
2	-0.0777791
3	-0.058967
4	0.0345118
5	-0.00919339
6	0.00202917
1	0.0344344
2	-0.0166281
3	-0.00156693
1	0.049926
2	0.0259258
3	0.0134283
4	-0.00260261
1	0.0452331
2	-0.0598272
3	-0.00781504
1	-0.00587695
2	-0.00449278
1	-0.0180122
2	-0.0106945
3	-0.00060976
1	0.0152513
2	-0.0214708
3	-0.0106132
4	-0.00818004
5	0.00449622
1	0.0659069
2	0.011064
3	-0.00202833
1	-0.028245
2	0.00142137
1	0.0571862
2	0.0052488
1	0.0327515
2	0.0249782
3	-0.0186168
4	0.0103054
5	-0.0043637
1	0.0515381
2	-0.0408329
3	0.0258778
4	-0.0116081
5	-0.00101416
1	-0.035063
2	0.0326086
3	-0.0272306
4	0.0257869
5	-0.00560124
1	-0.0983988
2	-0.00458492
1	-0.0866348
2	0.0615024
3	0.00754961
1	-0.0336274
2	-0.0261146
3	0.0208973
4	-2.7264e-005
1	0.094483
2	0.00477628
1	-0.020392
2	-0.0121995
3	0.00055035
1	-0.0439628
2	0.0155355
3	0.00283121
1	0.0283422
2	0.022873
3	-0.0136443
4	0.000669388
1	-0.0640168
2	0.0213044
3	-0.017136
4	0.0141076
5	0.00667546
1	-0.0531147
2	-0.00952234
3	-0.00829915
4	-0.00316812
1	-0.0287038
2	-0.0212924
3	-0.0133366
4	0.00560736
1	-0.00333102
1	-0.00257691
1	-0.022383
2	0.0202414
3	-0.00314318
1	-0.0376973
2	-0.0238605
3	0.0136951
4	0.00219301
1	0.0483978
2	-0.019424
3	0.00498952
1	-0.0244779
2	0.00700149
1	-0.046371
2	-0.0458728
3	-0.0216778
4	0.00786563
1	0.0633783
2	-0.0685913
3	0.0195602
4	-0.0154261
5	-0.0024822
1	0.0611336
2	-0.0450802
3	-0.0291081
4	-0.0148035
5	-0.00024125
1	-0.02748
2	0.0289697
3	-0.0155408
4	0.00033297
1	-0.0323248
2	-0.00995666
3	0.00845108
4	0.00553428
1	0.0145562
2	0.00748263
1	0.0339086
2	-0.0166495
3	-0.0108301
4	0.008356
5	-9.86006e-005
1	0.0491156
2	-0.052181
3	-0.0106048
4	-0.00484152
1	4.91348e-005
1	0.0396176
2	-0.0302677
3	-0.00311757
1	0.0437054
2	0.0308471
3	0.0259094
4	0.00493952
1	-0.00108871
1	-0.000357028
1	0.0830565
2	-0.0444452
3	0.0168134
4	0.00975993
5	-0.00228184
1	-0.00617603
2	-0.0045484
1	-0.0662957
2	-0.00910027
3	-0.00639653
1	-0.0170701
2	-0.00999393
3	-0.00249337
1	0.0099028
2	-0.00256633
1	-0.0648713
2	-0.048747
3	0.0430237
4	0.00875358
5	-0.00121387
1	0.0218295
2	-0.0129842
3	-0.00683756
1	-0.0469106
2	-0.0187903
3	-0.00486741
1	-0.00319269
1	-0.0524263
2	0.0657085
3	-0.0346601
4	0.00371406
1	-0.0612057
2	0.0373433
3	-0.00210256
1	0.0303162
2	-0.00102281
1	0.0796657
2	-0.0291644
3	0.0143042
4	-0.000516321
1	0.00945311
2	-0.00968211
3	0.00830647
4	-0.00763298
1	0.0462449
2	-0.0263747
3	-0.00488443
1	0.0142256
2	0.00255323
1	-0.0422546
2	0.00776344
1	0.0473726
2	0.0299439
3	-0.0177447
4	0.012164
5	0.00212128
1	0.00650342
2	-0.00843253
3	-0.00414048
1	-0.0480979
2	-0.0330445
3	-6.35336e-005
1	0.0458964
2	0.0240118
3	0.00980659
4	9.31517e-005
1	-0.0398441
2	0.0499319
3	0.00974699
4	-0.000676239
1	-0.0247837
2	-0.0243829
3	-0.0124188
4	-0.0069315
1	-0.0191762
2	0.00448314
1	-0.0847816
2	0.014843
3	0.00802779
4	-0.00521438
1	-0.00263085
1	-0.0222292
2	-0.0198106
3	-0.0108652
4	0.00291258
1	0.0257709
2	0.0327953
3	0.00912337
4	-0.00490349
1	0.103321
2	0.0894864
3	0.0439942
4	0.0105189
5	-0.000243061
1	-0.0542096
2	0.0202275
3	0.0143488
4	-0.00143856
1	-0.0483636
2	0.0539441
3	0.00700703
1	-0.00581286
2	0.000509923
1	0.00833956
2	-0.00537627
1	-0.0164815
2	-0.00515875
1	0.0954315
2	-0.13327
3	-0.0533258
4	0.00269168
1	-0.0300545
2	0.0104755
3	0.00708435
1	-0.100084
2	0.098774
3	-0.0248914
4	0.0187345
5	-0.0100289
6	0.00561931
1	0.0522997
2	-0.0513668
3	0.0221869
4	-0.00252478
1	-0.060689
2	0.0774268
3	0.0478498
4	-0.0152324
5	-0.00622416
1	0.00291177
1	0.0488918
2	-0.0143208
3	0.0116841
4	0.00583704
1	-0.0603867
2	-0.0748061
3	0.0037217
1	0.0450505
2	0.00726228
1	-0.060267
2	-0.0398463
3	0.0337863
4	0.00285978
1	0.0802168
2	0.0438113
3	-0.00710806
1	0.0262874
2	-0.0109073
3	0.00808571
4	0.000147688
1	0.060572
2	-0.0741366
3	-0.0274715
4	0.00616389
1	0.0180442
2	-0.0233211
3	-0.00264015
1	-0.00933294
2	-0.00363918
1	-0.0337508
2	-0.0278084
3	-0.0146269
4	0.0134006
5	-0.0122014
6	0.00419999
1	0.0280301
2	-0.0284711
3	0.0158627
4	-0.0148014
5	-0.00693262
1	-0.0382787
2	-0.0374174
3	-0.00594885
1	-0.0693025
2	-0.0702259
3	-0.0165835
4	0.0132134
5	-0.00509397
1	-0.0311184
2	0.0123228
3	-0.0113697
4	-0.00574299
1	-0.00712588
2	-0.00157698
1	-0.00167379
1	0.00813047
2	0.0027997
1	0.0387588
2	-0.0491033
3	0.025201
4	0.00617026
1	-0.06116
2	0.0472782
3	0.0200749
4	0.00842937
5	-0.00584115
1	-0.00446539
1	0.016023
2	0.00714899
1	-0.0649968
2	-0.0114468
3	0.000194774
1	-0.0580709
2	-0.020927
3	0.0134896
4	0.00429952
1	0.066842
2	-0.0275988
3	0.0108326
4	-0.0091132
5	0.00434158
1	0.0606866
2	0.0501446
3	-0.0207795
4	-0.00714903
1	0.0241001
2	0.00215843
1	0.0393693
2	-0.013834
3	-0.00623441
1	-0.0106735
2	0.00721918
1	-0.0662919
2	-0.0475992
3	0.0262977
4	-0.00559554
1	-0.0533636
2	0.0708086
3	0.0384064
4	-0.00911846
5	-0.00273829
1	0.0613042
2	0.0432802
3	0.0175253
4	-0.00280067
1	-0.0468896
2	0.0111572
3	-0.00773625
1	0.018138
2	0.005435
1	0.011544
2	-0.00533306
1	0.0241887
2	0.0168152
3	-0.0145363
4	0.00962201
5	0.00676788
1	0.0329978
2	0.00932557
3	0.00451348
1	0.00428034
1	-0.0105934
2	0.00757072
1	0.0326148
2	0.0226834
3	-0.0126874
4	0.0012731
1	-0.0318655
2	-0.0203076
3	-0.0148584
4	0.00872552
5	0.00149528
1	-0.0364265
2	0.00395537
1	0.00220359
1	-0.0246646
2	-0.0110546
3	0.00737858
1	0.0095164
2	-0.00250719
1	0.0563862
2	-0.0608559
3	-0.0119998
4	-0.00383042
1	0.000559977
1	0.00902451
2	-0.0118446
3	0.000483859
1	0.0700139
2	-0.00993193
3	0.00481917
1	0.00229652
1	-0.0422001
2	0.00899265
3	0.00336387
1	-0.0238891
2	0.0242537
3	-0.00316218
1	0.0644371
2	0.0423151
3	0.0270059
4	0.0104136
5	0.00319016
1	0.0448809
2	-0.0483717
3	-0.0176317
4	-0.0127227
5	0.01051
6	-0.00611953
1	-0.00509747
1	0.0433008
2	-0.0154971
3	-0.00429661
1	0.0679302
2	0.0525716
3	0.00784916
1	-0.0212166
2	0.0186787
3	0.00111971
1	-0.0434672
2	0.0165892
3	-0.00180073
1	0.0620669
2	0.0406547
3	0.0147364
4	0.00918232
5	0.00650738
1	0.0517219
2	0.0393818
3	0.00239954
1	-0.00524888
1	0.0201114
2	0.0171945
3	0.0069519
1	-0.0316158
2	0.0298636
3	0.00723191
1	-0.0888112
2	0.0444937
3	0.0143199
4	-0.012798
5	0.00289788
1	0.0258612
2	0.00757929
1	-0.0157205
2	0.00701766
1	0.0752556
2	-0.0233988
3	-0.0072945
1	-0.0325569
2	-0.0272825
3	-0.00522865
1	-0.0111763
2	-0.0073422
1	-0.000755715
1	-0.00138672
1	0.0587668
2	0.0502301
3	-0.0240747
4	0.0207107
5	-0.00471659
1	0.0183775
2	0.00053241
1	-0.0017993
1	-0.0183214
2	-0.0185961
3	-0.00370463
1	-0.0458048
2	-0.0183818
3	0.00707207
1	0.0418209
2	-0.044703
3	-0.0398472
4	0.0374932
5	-0.0109848
6	-0.00511511
1	0.00431265
1	0.0724917
2	-0.00234287
1	0.0189682
2	0.0161855
3	0.00885655
4	-0.000391932
1	-0.0540945
2	0.0461383
3	0.0310332
4	0.0199286
5	-0.0123293
6	-0.00721933
1	0.0564858
2	-0.0175558
3	-0.0112847
4	0.0103082
5	-0.00224804
1	-0.0258625
2	-0.00528793
1	0.00170263
1	-0.0617656
2	0.0462115
3	-0.0123797
4	-0.00662544
1	-0.049906
2	0.0585211
3	-0.0452521
4	-0.0271382
5	0.0140956
6	0.00953846
7	0.00682963
1	-0.00711146
2	-0.000855956
1	-0.0163979
2	-0.00298173
1	-0.0729299
2	-0.0149749
3	0.00555987
1	-0.00123798
1	-0.0564375
2	-0.00273269
1	0.0426223
2	-0.0239891
3	-0.00284919
1	0.0314062
2	-0.00371373
1	-0.0332862
2	-0.0317888
3	-0.0125404
4	0.00561873
1	0.0836135
2	0.0493902
3	-0.0394989
4	-0.0183367
5	0.00949859
6	-0.00531747
1	-0.0141436
2	0.00990119
3	0.00191001
1	0.103238
2	0.0340203
3	-0.0335977
4	-0.0281496
5	-0.00789155
1	-0.0304695
2	0.00717059
1	0.0299063
2	0.0123296
3	0.00753277
1	0.099405
2	-0.0854433
3	0.0141524
4	-0.000838271
1	-0.0111595
2	-0.00610984
1	-0.0766369
2	-0.0450437
3	0.0420928
4	-0.0109229
5	0.00268167
1	0.0187374
2	0.0107103
3	0.00668194
1	-0.0749287
2	-0.0495571
3	0.035845
4	-0.0122235
5	0.0123709
6	-0.00144471
1	-0.0621742
2	-0.0649197
3	0.0153982
4	-0.0144426
5	-0.00494506
1	0.0440699
2	-0.0483263
3	0.0298769
4	0.0100081
5	0.00718196
1	0.0127083
2	-0.00677151
1	-0.0295297
2	-0.00301607
1	0.0305432
2	-0.0411162
3	0.0279015
4	-0.0213478
5	0.0119274
6	0.000461923
1	-0.0438015
2	-0.0074677
1	-0.0366092
2	-0.0429793
3	-0.0254889
4	-0.0080651
5	0.000588077
1	0.015975
2	0.00452725
1	-0.0299864
2	0.0177205
3	0.00020199
1	0.0340728
2	-0.0402271
3	0.0228126
4	0.0155289
5	-0.0136246
6	-0.00357476
1	-0.100289
2	0.018746
3	0.0133091
4	0.00997206
5	-0.00363158
1	0.0374514
2	-0.0247822
3	-0.0158452
4	-0.00266439
1	0.0597981
2	-0.0198063
3	-0.0126701
4	-0.00260829
1	0.0554665
2	-0.0534332
3	-0.015108
4	-0.00319767
1	-0.052367
2	0.0125646
3	0.00261075
1	-0.00368912
1	-0.0046865
1	0.0169267
2	-0.000675682
1	0.00254433
1	0.0268044
2	-0.0183504
3	-0.00853517
4	0.00233846
1	-0.0661637
2	-0.0568944
3	-0.0316462
4	0.00394069
1	-0.017191
2	-0.0112576
3	-0.00649491
1	-0.0650694
2	0.0312005
3	-0.0273139
4	-0.0117303
5	-0.00617967
1	0.0315726
2	-0.00613037
1	-0.0227366
2	-0.0263003
3	0.0239658
4	0.00371533
1	0.0687089
2	0.035111
3	0.0169217
4	-0.0139606
5	-0.00284329
1	0.0786587
2	0.0468646
3	-0.0192284
4	0.0158241
5	0.00278457
1	-0.048146
2	-0.0100629
3	0.00355818
1	0.024303
2	0.0246097
3	-0.0141201
4	-0.00124914
1	-0.0448246
2	-0.00297389
1	0.0530378
2	-0.024282
3	-0.00552841
1	0.0380234
2	0.033711
3	-0.00422418
1	-0.001007
1	-0.0308577
2	-0.0305504
3	-0.0101435
4	-0.00518585
1	0.0617368
2	0.0176272
3	0.0113754
4	0.00742913
1	0.014388
2	-0.00289259
1	0.0067798
2	0.00395404
1	-0.0314009
2	0.0292782
3	0.00259011
1	-0.00669328
2	-0.0048972
1	-0.0150545
2	-0.0123345
3	-0.00732571
1	0.0609696
2	0.0108014
3	0.00703423
1	-0.0464196
2	-0.0201357
3	0.00205143
1	-0.0723109
2	0.0823785
3	-0.0630576
4	0.0103458
5	0.00298202
1	-0.0189898
2	-0.0157488
3	-0.00585523
1	-0.0253816
2	-0.0196322
3	0.0171349
4	0.00535075
1	0.00415242
1	0.0409552
2	-0.0592524
3	0.0150795
4	0.00673015
1	0.103513
2	0.0127773
3	-0.00143956
1	-0.0941113
2	0.118325
3	0.0185683
4	0.00896764
5	-0.00052051
1	0.0748374
2	-0.076235
3	-0.0270116
4	0.00129765
1	0.0493564
2	0.032468
3	-0.0249424
4	-0.00785564
1	0.014831
2	-0.0213638
3	0.0110202
4	-0.00642717
1	-0.0467769
2	0.0129709
3	-0.00262866
1	0.0084405
2	-0.00723544
1	0.0035313
1	0.0804662
2	-0.0247904
3	-0.0147604
4	0.00904328
5	-0.00259933
1	-0.0154855
2	0.014499
3	-0.0110164
4	0.00282729
1	-0.0501215
2	0.0343204
3	0.00482724
1	0.0404553
2	0.0108233
3	-0.00525609
1	-0.032308
2	-0.0325377
3	0.0117957
4	0.00238185
1	0.00747169
2	-0.00603297
1	0.0281703
2	-0.0326481
3	-0.00552464
1	0.00845332
2	0.00795343
1	0.0205245
2	0.0186698
3	-0.0129454
4	0.00865001
5	0.00535481
1	-0.0704152
2	0.026114
3	0.00338249
1	-0.0458203
2	-0.0281012
3	-0.00460213
1	0.0622495
2	-0.0796499
3	0.0329323
4	0.0103687
5	0.00401916
1	-0.0511707
2	-0.0396615
3	0.0187582
4	-0.00609599
1	0.0366532
2	-0.00361764
1	-0.0392881
2	0.043164
3	-0.0125481
4	0.0083838
5	0.00299856
1	-0.0410329
2	-0.0062953
1	0.0127305
2	0.00679345
1	-0.0571192
2	-0.0429573
3	-0.0284924
4	0.0228838
5	-0.0183281
6	0.012845
7	-0.00229889
1	-0.0646048
2	0.0552526
3	0.0310957
4	0.00724273
1	-0.0659314
2	0.0188858
3	0.00246138
1	-0.0485113
2	-0.043988
3	-0.0219621
4	-0.000866133
1	0.069507
2	0.0304528
3	0.00191684
1	0.0720832
2	0.0202683
3	0.00745315
1	-0.0787519
2	0.0169708
3	0.0105956
4	0.00217396
1	-0.0615998
2	0.00191606
1	0.0287078
2	0.026768
3	-0.0209338
4	0.0121706
5	-0.00692379
1	0.0433481
2	0.000996442
1	0.100578
2	0.00664653
1	0.0434547
2	0.0357015
3	0.0265759
4	-0.0232846
5	-0.00620301
1	-0.0484776
2	0.0250639
3	0.0175703
4	-0.0121117
5	0.0102865
6	0.00432093
1	-0.0969633
2	0.136408
3	0.0878779
4	0.00659547
1	-0.0328482
2	0.0201558
3	-0.0132389
4	-0.0100296
5	0.00734811
1	-0.037272
2	-0.00145517
1	-0.023112
2	0.00370412
1	-0.0247244
2	-0.000550554
1	0.022347
2	0.0129643
3	0.0109539
4	0.00460828
1	0.0585134
2	-0.0221557
3	0.0060882
1	0.0315595
2	-0.0145105
3	0.00420906
1	0.025454
2	0.0225581
3	0.00130322
1	0.00917005
2	-0.0029621
1	-0.0498956
2	0.0674571
3	-0.0620522
4	-0.034735
5	0.00105338
1	0.0574316
2	0.0218665
3	0.00484985
1	0.0930859
2	0.0280543
3	0.00325625
1	0.0693682
2	0.0144327
3	0.00354637
1	-0.0610318
2	0.0650634
3	0.00524655
1	0.0275128
2	-0.0228338
3	-0.0071955
1	-0.00628338
2	0.00446268
1	-0.0499781
2	0.0611666
3	0.0206617
4	0.011354
5	0.00320171
1	-0.0225993
2	0.0075649
1	-0.016743
2	-0.017652
3	-0.003185
1	0.0469494
2	-0.0142244
3	-0.0036058
1	0.0638165
2	-0.0660114
3	0.00242292
1	0.0518671
2	0.0518917
3	-0.0324319
4	0.0200281
5	0.00521912
1	-0.0167632
2	0.00140665
1	-0.0532605
2	0.0666592
3	0.0421795
4	-0.0133729
5	-0.00920807
6	-0.00040087
1	0.0260113
2	-0.0300318
3	-0.0155578
4	0.00428462
1	0.0851517
2	0.00505633
1	-0.0308118
2	-0.0297776
3	0.00458859
1	-0.0121334
2	-0.00339928
1	-0.0119622
2	0.0153104
3	-0.0122566
4	-0.000581842
1	-0.00849605
2	0.00132486
1	0.0315718
2	0.0187978
3	-0.000469787
1	0.0193012
2	-0.00166918
1	-0.0326559
2	-0.0198568
3	0.0106119
4	-0.00361137
1	0.00911664
2	-0.00696734
1	-0.0468829
2	-0.0191364
3	-0.000485315
1	0.0693762
2	-0.0558047
3	-0.0001801
1	0.0587401
2	-0.0646202
3	-0.0119125
4	-0.00199972
1	0.0554091
2	-0.0407901
3	0.037581
4	0.0179323
5	-0.00214625
1	-0.0395629
2	0.0186196
3	-0.0118757
4	0.0022411
1	0.0599263
2	0.025783
3	-0.00743854
1	-0.0441807
2	-0.0357288
3	-0.00936127
4	-0.00614588
1	-0.00746902
2	-0.00127144
1	-0.031474
2	0.0193948
3	-0.0181878
4	-0.00677151
1	-0.0556425
2	-0.0195024
3	-0.000280688
1	0.0472255
2	0.0107816
3	0.000229504
1	0.0360842
2	0.023625
3	0.00561137
1	0.00866028
2	0.00656971
1	-0.0653674
2	-0.0351775
3	0.0320418
4	-0.0180323
5	0.0142818
6	-0.000783826
1	-0.00350646
1	0.0511982
2	0.00743133
1	0.0726207
2	0.0159501
3	-0.00562874
1	0.0703343
2	-0.00192265
1	-0.0200662
2	-0.00887749
3	0.00749855
1	-0.0462802
2	0.0282733
3	0.00237243
1	0.0629417
2	0.0566305
3	0.00895291
4	-0.00787171
1	0.062728
2	-0.0279188
3	-0.00609572
1	0.0649247
2	0.020015
3	0.0122566
4	0.00484155
1	-0.0285388
2	0.0393095
3	0.016712
4	0.0115995
5	0.00245507
1	-0.0196726
2	0.0056213
1	0.00121689
1	0.0554262
2	-0.041659
3	-0.00140836
1	0.0607923
2	0.0595409
3	-0.00168309
1	0.022806
2	0.019438
3	0.0140032
4	-0.0100447
5	0.000529732
1	0.0189009
2	-0.0148588
3	0.0117814
4	8.17076e-005
1	-0.0164989
2	0.0190053
3	0.0139843
4	-0.00510693
1	-0.0680864
2	-0.045684
3	0.0401932
4	-0.00235974
1	-0.0643973
2	-0.0426377
3	0.0178529
4	0.00338919
1	0.0245378
2	0.025797
3	-0.00130587
1	-0.0460265
2	-0.0468564
3	-0.0362313
4	-0.0200955
5	0.0109929
6	0.00395613
1	0.0138568
2	0.0104357
3	-0.0059262
1	-0.0570167
2	-0.0117175
3	0.00432939
1	0.0309231
2	-0.0409715
3	-0.0243357
4	0.00193745
1	-0.0754807
2	-0.0291285
3	0.0180337
4	0.00786947
1	-0.00576319
2	0.00157494
1	0.062018
2	-0.0398682
3	-0.0264924
4	0.0068298
1	-0.0119398
2	-0.00543725
1	-0.059632
2	0.0164318
3	0.000983518
1	0.0516644
2	0.0294453
3	0.020581
4	0.00879122
5	-0.00657948
1	0.0231585
2	0.0156311
3	-0.0148173
4	0.0133659
5	-0.00553756
1	0.025729
2	-0.0219235
3	0.0123723
4	-0.00259452
1	0.0305493
2	0.00127262
1	-0.0948932
2	0.071954
3	0.0239977
4	-0.0210521
5	-0.00913953
6	0.0042121
1	0.0383027
2	-0.0457395
3	0.0174213
4	-0.0117206
5	0.0107985
6	-0.00965681
7	-0.00553291
1	-0.0677286
2	0.0703848
3	-0.0628884
4	0.0528081
5	0.0339831
6	0.014212
7	-0.00790957
1	-0.0160903
2	0.00903343
3	-0.00312109
1	-0.0457354
2	0.0232795
3	0.0114859
4	-0.00560113
1	-0.0288747
2	2.75064e-005
1	0.0800817
2	-0.0470889
3	0.0150626
4	-0.00490298
1	0.0106753
2	0.00943771
3	0.00311585
1	0.0844665
2	0.083295
3	-0.0424063
4	-0.0278737
5	0.00377235
1	-0.00568388
2	0.00671333
1	-0.013472
2	0.0160549
3	0.000920899
1	0.0112059
2	0.000856315
1	-0.0139233
2	0.00381471
1	0.0554988
2	-0.0579535
3	0.00621682
1	0.0647789
2	0.0121752
3	-0.00638949
1	-0.00793901
2	-0.00177899
1	0.0630821
2	-0.0331164
3	-0.0136811
4	0.0105961
5	0.00752896
1	-0.0637706
2	-0.0392872
3	0.0104734
4	0.000808114
1	0.0392777
2	-0.0205839
3	0.010363
4	0.00472259
1	0.0808615
2	0.0485737
3	-0.00798774
1	-0.0708406
2	0.0382179
3	-0.0200981
4	0.0166575
5	-0.00142807
1	0.0663042
2	0.0524154
3	-0.037917
4	0.0342985
5	0.00585808
1	0.00459037
1	0.0264743
2	-0.0118632
3	0.011728
4	0.00177203
1	0.0854171
2	0.0165871
3	0.00459502
1	-0.0772725
2	-0.0537906
3	0.0169724
4	0.0120401
5	-0.00712809
1	-0.0196739
2	-0.0134651
3	-0.00402386
1	0.061599
2	-0.0691557
3	0.0628187
4	-0.00163915
1	-0.0623777
2	-0.00742433
1	-0.0525248
2	-0.0349971
3	0.00500935
1	0.0155843
2	0.000768448
1	-0.0151867
2	0.00534651
1	0.0659058
2	0.024924
3	-0.0193725
4	0.00585193
1	-0.0558065
2	-0.00430101
1	0.0814917
2	-0.00485712
1	-0.0984629
2	0.132246
3	0.0878726
4	0.00546874
1	0.00349204
1	-0.00967822
2	-0.00150497
1	0.0979502
2	0.0764929
3	0.0379844
4	0.0108921
5	0.000719203
1	-0.0666997
2	0.0611549
3	0.00416431
1	0.0338269
2	0.00145008
1	-0.0417966
2	0.0216634
3	0.0111884
4	0.00551616
1	0.0478343
2	0.035183
3	0.0248991
4	0.0163458
5	-0.0129755
6	0.00723873
1	-0.0303327
2	-0.00873843
3	0.00469052
1	-0.0838042
2	0.0477513
3	0.0195161
4	0.00882506
5	-0.00504504
1	-0.0187172
2	0.0169038
3	0.0067234
1	0.0704921
2	-0.0410297
3	-0.0124781
4	0.0104582
5	0.00115705
1	-0.0373048
2	0.022016
3	-0.022091
4	0.00684091
1	-0.072578
2	0.0287828
3	0.0127499
4	-0.000674614
1	0.014404
2	-0.0182077
3	-0.00150157
1	-0.049789
2	0.0450232
3	-0.0141603
4	-0.0085848
5	0.00395918
1	0.0421464
2	0.0304813
3	-0.00924206
4	-0.000385638
1	0.0571352
2	0.0159323
3	0.0109216
4	-0.00403785
1	-0.0225638
2	-0.0162759
3	-0.0102127
4	0.00551271
1	-0.0161921
2	0.00808191
3	0.000322763
1	0.0372012
2	0.00408279
1	0.0912658
2	0.0405439
3	0.02105
4	-0.00258212
1	0.0744625
2	-0.0270567
3	-0.0161253
4	0.000387027
1	-0.00555971
1	-0.00225379
1	0.0650462
2	0.0639731
3	-0.0485257
4	0.0161482
5	0.00660428
1	-0.00341166
1	-0.0387802
2	0.0399365
3	-0.0331229
4	-0.00233206
1	-0.0557093
2	-0.00401846
1	0.0353546
2	-0.0234745
3	-0.00669911
1	0.0525769
2	0.0324908
3	0.00882895
4	-0.00542767
1	0.0324268
2	-0.00834574
3	-0.00617028
1	0.0238101
2	0.0113541
3	-0.00413423
1	-0.00118564
1	0.0243508
2	0.021769
3	0.00498269
1	-0.0477326
2	0.0433277
3	-0.0156005
4	0.00183452
1	0.0276784
2	0.0292536
3	0.00306668
1	0.059855
2	-0.0531761
3	-0.01389
4	-0.00945102
5	0.00697621
1	0.0313929
2	0.0116969
3	-0.00382057
1	0.0508032
2	0.0370926
3	0.0199848
4	0.0082406
5	0.00605841
1	0.0262273
2	-0.00612228
1	0.0239415
2	-0.00759769
1	-0.0376626
2	0.00841259
3	0.00274899
1	0.0320629
2	-0.0395963
3	-0.0170396
4	-0.000728165
1	-0.0433988
2	-0.00777879
1	-0.0682306
2	-0.0661358
3	0.0101318
4	0.00706987
1	-0.0539562
2	-0.0126464
3	0.00293137
1	-0.0110454
2	-0.00038031
1	-0.0625443
2	-0.0467121
3	0.00278851
1	0.00038667
1	0.03406
2	0.0328522
3	0.0195477
4	0.00864263
5	-0.00637506
1	0.0359816
2	0.00899231
3	-0.00833517
4	-0.00104434
1	0.0724877
2	0.0784424
3	-0.054541
4	0.0285643
5	0.0103288
6	-0.00254241
1	-0.00121609
1	-0.0452483
2	0.0529469
3	0.037641
4	0.0336825
5	-0.00245894
1	-0.0189935
2	0.0237261
3	-0.0108592
4	0.00609649
1	0.0698382
2	-0.0303574
3	-0.0254714
4	-0.00953458
5	-0.00256471
1	-0.0122017
2	-0.00579474
1	-0.0586389
2	0.0787403
3	0.050688
4	-0.0460095
5	-0.00177553
1	0.0180803
2	-0.0243226
3	-0.0035513
1	0.0133652
2	-0.00848717
3	-0.00391865
1	0.0691968
2	0.0453226
3	-0.0319064
4	-0.0232696
5	-0.014216
6	0.0101486
7	0.0040372
1	-0.0943228
2	-0.0537238
3	-0.0178647
4	-0.00341108
1	0.0501196
2	-0.0627219
3	-0.0279346
4	0.0208972
5	0.0041532
1	-0.0345727
2	0.0439961
3	0.000520832
1	-0.0533668
2	-0.0102432
3	0.00541062
1	-0.0302916
2	0.0294822
3	0.00914105
4	0.00160708
1	-0.0800117
2	0.064436
3	0.0463291
4	0.00990328
5	-0.00471712
1	-0.0307736
2	0.0091158
3	0.000932876
1	0.0184178
2	0.0157696
3	0.0106068
4	0.000967715
1	0.098072
2	0.118188
3	0.0375644
4	-0.00208452
1	-0.00676405
2	0.000331981
1	-0.0190459
2	0.00662785
1	0.0151316
2	0.00412004
1	-0.0765194
2	-0.0735356
3	-0.0352098
4	0.0289332
5	0.0141132
6	0.0012537
1	0.0556265
2	-0.0607778
3	-0.0248819
4	0.0193534
5	0.00705754
1	0.0115007
2	-0.00498726
1	-0.00503632
1	0.0748852
2	0.0674254
3	0.0475164
4	-0.0400296
5	-0.0108399
6	-0.00125571
1	0.0753178
2	-0.0637191
3	-0.0159001
4	0.00644366
1	-0.0279935
2	-0.0224735
3	-0.0131407
4	0.00506364
1	-0.0806104
2	0.0894043
3	-0.0676217
4	-0.032301
5	-0.00913906
6	-0.00472189
1	0.0157074
2	-0.00387413
1	0.0764092
2	0.0439704
3	-0.0411497
4	0.0347985
5	0.0242741
6	0.0132799
7	0.00725861
1	0.0254326
2	-0.0141549
3	0.00134566
1	0.0326308
2	-0.0128582
3	0.00776643
1	0.00746902
2	0.00392445
1	-0.0676543
2	-0.0711175
3	0.0450933
4	0.0152003
5	0.0092765
6	-0.00714143
1	-0.0486755
2	0.0635516
3	-0.00566945
1	0.00965499
2	-0.0043744
1	0.0459934
2	-0.0148758
3	0.000869044
1	0.0521523
2	0.0412801
3	-0.0188475
4	0.00178412
1	0.0205538
2	-0.00531465
1	-0.00629913
2	-0.00512474
1	0.0582667
2	0.0218815
3	0.01482
4	-0.00212772
1	0.0250644
2	-0.000200356
1	0.0645738
2	0.0600584
3	0.0371793
4	0.0147164
5	0.00438467
1	0.0334138
2	0.0160358
3	-0.012272
4	0.00946027
5	-0.00268216
1	0.0432408
2	-0.0494104
3	-0.0339963
4	-0.000170412
1	0.0251557
2	-0.0259922
3	0.010052
4	0.00631776
1	-0.0855987
2	0.0626778
3	-0.0239924
4	-0.00288967
1	0.000228317
1	-0.0199116
2	0.0258395
3	-0.0167158
4	-0.00153234
1	0.0702227
2	-0.0136786
3	0.00293587
1	0.0705805
2	-0.0558234
3	-0.0150402
4	-0.00694567
1	-0.0828215
2	0.0245781
3	0.0157591
4	0.00217616
1	0.0685695
2	0.0308335
3	-0.000935065
1	-0.0556251
2	-0.0224519
3	0.00396617
1	-0.0128146
2	-0.00464404
1	0.0517005
2	0.0390781
3	-0.0361045
4	0.0221746
5	0.0130385
6	0.00846576
7	0.00269692
1	0.0193255
2	-0.0236501
3	0.00331319
1	0.0697522
2	-0.0150257
3	-0.00127815
1	0.0583048
2	0.0404001
3	-0.0303895
4	0.0232206
5	-0.0190465
6	-0.00401207
1	0.00231681
1	0.0112396
2	-0.0122381
3	0.0025245
1	-0.00352729
1	-0.0411985
2	0.00662237
1	-0.0117507
2	-0.00157411
1	-0.000547426
1	0.0263213
2	0.0040873
1	0.0875678
2	-0.00682579
1	-0.0132207
2	0.00943035
3	0.00723081
1	-0.05516
2	-0.00695124
1	0.0446219
2	0.0420809
3	0.0167409
4	0.0094615
5	-0.00696454
1	0.0352673
2	-0.00593775
1	-0.0336491
2	-0.01516
3	-0.000477465
1	-0.0637278
2	-0.00198169
1	-0.0159691
2	0.0101832
3	0.00495487
1	0.0223403
2	-0.00797693
1	0.00571192
2	0.00231502
1	0.0220938
2	0.014898
3	-0.00848003
4	0.00194375
1	0.0182221
2	0.0184362
3	0.00212301
1	0.0238675
2	-0.0147926
3	-0.0107149
4	0.00483902
1	-0.082242
2	0.106086
3	-0.0790947
4	0.0485256
5	-0.0059483
1	-0.0511023
2	-0.03628
3	-0.017471
4	-0.0119795
5	-0.00256293
1	0.0528893
2	0.0413499
3	-0.0166171
4	0.00957524
5	-0.00691335
1	0.0208922
2	-0.0039813
1	-0.0449183
2	0.0199087
3	0.0116315
4	0.000999703
1	0.0765568
2	-0.0858787
3	0.0608718
4	-0.0405187
5	-0.021585
6	0.0195983
7	0.00985268
8	0.00158538
1	-0.0292918
2	0.0330254
3	-0.00620933
1	0.0162006
2	0.000203418
1	0.0352353
2	0.0299337
3	-0.0279369
4	0.0173672
5	-0.0104415
6	-0.00234358
1	0.0496718
2	0.0396026
3	-0.0145165
4	0.010732
5	0.000501112
1	-0.0157952
2	-0.0122003
3	0.000332848
1	-0.0431671
2	-0.00774741
1	-0.0344082
2	0.00591282
1	0.0168666
2	0.000242223
1	0.0319475
2	-0.0122079
3	-0.00207305
1	0.0674792
2	0.0255398
3	0.00496657
1	-0.00710746
2	-0.00735805
1	0.0692953
2	0.00327415
1	-0.0529267
2	0.0687689
3	0.0192805
4	0.00184114
1	0.0634587
2	-0.0558467
3	0.0251857
4	0.00783312
1	0.00926965
2	-0.00937558
3	0.00514233
1	-0.0179841
2	-0.000840915
1	0.0749383
2	0.0643539
3	0.0388162
4	0.0187758
5	-0.0136029
6	0.000608514
1	-0.0333145
2	-0.0072277
1	0.0275945
2	-0.0251177
3	-0.00661557
1	-0.00375881
1	0.0661814
2	0.0207928
3	-0.00981781
4	-0.00408921
1	0.0118364
2	-0.00478475
1	0.0478771
2	-0.0311664
3	-0.0195483
4	0.00480665
1	0.0349947
2	0.014491
3	0.0107134
4	0.00282564
1	0.0189113
2	0.0120545
3	-0.007823
1	0.0379118
2	0.0020256
1	0.0775435
2	-0.0991451
3	-0.0385762
4	-0.0216362
5	0.00101495
1	0.0264035
2	-0.0186204
3	0.0119432
4	-0.00571428
1	0.0135577
2	-0.00833597
3	0.00773767
1	-0.00299268
1	0.0168703
2	-0.018541
3	-0.000668404
1	0.104564
2	0.0276412
3	-0.0102217
4	-0.000470736
1	0.0161087
2	-0.011012
3	0.00391197
1	0.0843057
2	0.00408537
1	0.004083
1	0.0567
2	0.00219699
1	0.068001
2	-0.0426131
3	-0.0143184
4	-0.00407206
1	-0.0381195
2	0.0334776
3	-0.0149871
4	0.00986911
5	-0.00836647
6	0.00447922
1	0.00795503
2	0.00256709
1	0.0159413
2	0.00451459
1	-0.035305
2	-0.0143748
3	0.0129216
4	0.00119724
1	0.0512895
2	0.028821
3	0.0232474
4	0.00942683
5	0.0015311
1	-0.0329566
2	0.00993445
3	-0.000613494
1	0.0799535
2	-0.0221739
3	0.0069037
1	0.0161672
2	0.0155743
3	0.00886349
4	-0.00729836
1	-0.0105715
2	0.00431937
1	0.00421384
1	0.0104959
2	0.00329196
1	0.00604331
2	-0.00464522
1	0.100443
2	0.102361
3	-0.0862534
4	-0.0740744
5	-0.00267886
1	-0.00206153
1	0.0524664
2	0.0391784
3	-0.00498652
1	0.0468073
2	0.000149991
1	0.006877
2	0.000177645
1	-0.0390451
2	-0.0298202
3	-0.00503244
1	-0.0598302
2	0.0386896
3	-0.0204465
4	0.0091387
5	-0.00800931
6	-0.000828039
1	-0.0122679
2	-0.0106893
3	0.00834559
4	-0.00119843
1	0.0307386
2	0.0312597
3	-0.00225034
1	0.00439489
1	-0.0202553
2	-0.0159121
3	-0.00370038
1	-0.0800016
2	0.0113156
3	0.00633052
1	0.00993137
2	-0.00885486
3	0.00322963
1	0.0676244
2	-0.0563759
3	-0.0191131
4	0.00565125
1	0.0729147
2	0.0164509
3	-0.0155344
4	0.0128215
5	0.00793426
1	0.0185922
2	-0.00111118
1	0.0256892
2	0.0270336
3	0.0194436
4	0.0100134
5	-0.00854224
6	0.00560301
1	0.013002
2	0.0127323
3	0.000465409
1	-0.0741933
2	0.00881011
3	0.00276265
1	0.043033
2	-0.0407746
3	-0.00722829
1	0.0427673
2	-0.0287328
3	-0.000302525
1	-0.045933
2	-0.0437815
3	-0.000690453
1	-0.0747509
2	0.0076441
1	-0.00754753
2	-0.00536359
1	0.0532867
2	-0.0594926
3	-0.0418184
4	-0.00779046
1	-0.0609581
2	-0.0735025
3	0.0544371
4	0.0112315
5	0.00711509
1	-0.0822233
2	-0.0563175
3	-0.00712197
1	-0.0450513
2	0.0241545
3	-0.0199481
4	0.0119492
5	0.00158304
1	-0.0425582
2	-0.0325102
3	0.0240983
4	0.0214595
5	-0.0101133
6	0.00804717
7	-0.00568922
1	-0.031414
2	-0.0149569
3	-0.00999342
4	-0.00817199
5	-0.000291607
1	-0.00832194
2	0.00988571
3	0.000586273
1	-0.0231609
2	-0.0246382
3	-0.00195349
1	0.0230175
2	-0.0277155
3	-0.0205348
4	-0.00345839
1	0.0380554
2	-0.0101537
3	-0.00306685
1	0.0837353
2	-0.0527297
3	0.00812847
4	0.00222592
1	-0.00821833
2	0.00577296
1	0.0347714
2	0.0279137
3	0.00682297
1	0.0863784
2	-0.0475824
3	0.0246288
4	-0.0135356
5	-0.00951844
6	-0.00371375
1	-0.0619889
2	0.078066
3	0.0542057
4	0.022932
5	0.0157409
6	0.00709881
1	0.0211694
2	-0.0234901
3	-0.0102118
4	-0.00240446
1	0.00595305
2	-0.000983049
1	-0.0145522
2	0.0129031
3	0.00363176
1	-0.0395396
2	-0.0377439
3	0.0336681
4	-0.00849913
5	-0.000818411
1	0.0685131
2	0.0595979
3	0.0420261
4	-0.0133676
5	0.00162426
1	0.101347
2	-0.0308816
3	0.0150641
4	-0.0113785
5	0.00912618
6	-0.00180637
1	0.04556
2	-0.0595444
3	0.0244036
4	0.00961245
5	0.000944671
1	-0.0321822
2	0.0327792
3	-0.00327492
1	0.0200067
2	-0.00413987
1	0.00945738
2	-0.00946282
3	-0.00056141
1	-0.039792
2	0.0172085
3	0.00341773
1	-0.00348243
1	0.00561205
2	-0.0083857
3	0.002254
1	-0.0282271
2	0.024936
3	-0.00791495
1	-0.0311792
2	0.00648919
1	-0.0131729
2	-0.00860003
3	8.40266e-005
1	0.0783567
2	0.0148988
3	0.00561383
1	-0.0860099
2	0.115596
3	-0.006294
1	-0.0134763
2	-3.52522e-005
1	-0.0746307
2	0.0685255
3	0.0174446
4	0.00444805
1	-0.00853771
2	-0.00102678
1	-0.0421288
