1207	3
 -354	  -45	-0.152806177	-0.284367158
 -390	  -12	-0.974059267	-0.297950441
 -192	  -11	+0.306253243	-0.173933719
 -533	  +59	-0.999450667	-0.506261928
 -356	  -33	+0.830683309	-0.332854798
 -327	  +30	+0.330851161	-0.297895381
 -292	  -45	+0.246803186	-0.243006729
 -457	  -24	-0.418683432	-0.396153543
 -327	  -19	-0.904599139	-0.257457900
 -298	   -5	-0.313821833	-0.243450061
 -459	  -82	-0.111117893	-0.396450536
 -222	  +30	+0.035370952	-0.199562011
 -496	  -86	-0.874446852	-0.396502540
 -481	  -66	-0.083712271	-0.417265610
 -483	  -43	+0.738334300	-0.452062394
 -231	   +3	+0.286355174	-0.199946151
 -193	  -14	-0.384258553	-0.154936093
 -335	  -25	-0.294961394	-0.282597927
 -369	  -11	-0.345805231	-0.317388707
 -491	  -29	-0.596484268	-0.423741874
 -342	   -1	+0.124301889	-0.295495262
 -372	  -63	-0.536729026	-0.293289962
 -481	   +5	-0.778130436	-0.408427129
 -145	   +5	+0.396832179	-0.140253004
 -420	  -47	+0.821344646	-0.386050557
 -411	  -19	-0.995178076	-0.325172185
 -376	  -27	+0.908810694	-0.351247027
 -489	  -35	+0.780877102	-0.468760672
 -243	   +3	-0.540879543	-0.188832179
 -411	  -45	-0.497726371	-0.338032602
 -244	  +23	-0.089571825	-0.212492222
 -283	  -36	-0.522385327	-0.220062413
 -122	  -16	-0.419782098	-0.092815487
 -277	  -32	-0.803216651	-0.210944727
 -290	  +11	-0.050752281	-0.252813503
 -364	  -45	-0.385662404	-0.302130814
 -445	  +86	-0.592638936	-0.411004237
 -530	  -34	+0.278115177	-0.481831218
 -469	  -85	-0.854304636	-0.359729908
 -282	  +16	+0.035859249	-0.238483844
 -379	  +32	+0.602465896	-0.362175356
 -378	  +63	+0.616626484	-0.364307851
 -247	  -13	-0.401898251	-0.191466878
 -340	  -81	+0.767509995	-0.307424992
 -469	  +40	+0.729911191	-0.454135196
 -407	  -51	-0.431806391	-0.336386740
 -187	  -30	+0.666920988	-0.183632672
 -310	  -33	+0.355937376	-0.272868368
 -284	  -28	+0.816522721	-0.259214582
 -334	  -10	+0.478988006	-0.292215437
 -279	  -19	+0.873165075	-0.264701644
 -321	   +7	+0.217505417	-0.281387700
 -161	  -14	+0.343119602	-0.143212749
 -478	  -71	-0.260597552	-0.400819815
 -288	  -11	-0.261574145	-0.242557263
 -358	  -29	-0.363994263	-0.298385415
 -531	  -58	+0.849848933	-0.505045153
 -279	  +11	-0.730582598	-0.218314486
 -201	   +7	+0.545030061	-0.180815636
 -325	  -41	-0.745170446	-0.242976367
 -286	  +38	+0.401593066	-0.260939978
 -385	   -9	-0.456648457	-0.311678165
 -354	  +37	+0.559862056	-0.328979928
 -508	  -69	-0.063753166	-0.448289910
 -172	  -16	-0.947447127	-0.119424188
 -160	  -22	-0.268959624	-0.132354646
 -330	  -18	+0.764030885	-0.310497657
 -463	   -5	+0.828424940	-0.447677181
 -206	   -3	-0.716299936	-0.158923652
 -306	  +22	-0.757683035	-0.244251261
 -293	  -13	-0.699453719	-0.230064365
 -297	  -33	+0.705496384	-0.271651951
 -418	  -59	+0.731864376	-0.375791884
 -493	   -4	+0.464033937	-0.467822571
 -334	  -12	+0.028901028	-0.287857537
 -444	  -24	+0.718436232	-0.414427239
 -260	  -43	+0.839655751	-0.241455945
 -339	  -41	+0.091769158	-0.283041369
 -454	   +7	+0.711844234	-0.431601940
 -551	  -42	-0.720389416	-0.486302532
 -340	  +19	-0.213354900	-0.299038616
 -377	  -59	+0.177770318	-0.325987701
 -392	  +12	-0.760246590	-0.314613834
 -141	  -10	+0.775505844	-0.148824785
 -246	  -26	+0.359477523	-0.215013126
 -504	  -63	+0.125888852	-0.451800621
 -418	  -34	-0.747489853	-0.344728764
 -351	  -14	+0.676198614	-0.319587783
 -320	   +4	+0.752006592	-0.308644567
 -386	  -72	-0.322122868	-0.319079200
 -238	  -10	-0.118503372	-0.197282630
 -302	  -14	+0.693838313	-0.283855612
 -250	  -37	+0.855586413	-0.235498116
 -300	  +25	-0.682424390	-0.249503259
 -257	  -13	+0.036835841	-0.214530582
 -465	  -30	-0.856257820	-0.382012770
 -430	  -54	+0.020722068	-0.369809899
 -413	   +5	-0.956968902	-0.336659036
 -238	  -30	+0.857539598	-0.217443438
 -321	  -37	+0.250343333	-0.286514997
 -377	  -36	-0.459456160	-0.313477741
 -497	  +44	+0.427045503	-0.504837820
 -545	  -77	-0.779473251	-0.451507187
 -318	   +4	+0.368083743	-0.285825031
 -183	  +14	+0.353129673	-0.167488245
 -353	  -84	-0.241798151	-0.278792326
 -374	  +76	-0.840449232	-0.310910208
 -400	  -41	-0.253639332	-0.340865296
 -352	  -35	-0.698416089	-0.274613039
 -187	  -32	+0.557176428	-0.172108590
 -219	  +55	+0.616626484	-0.212481942
 -398	  +65	+0.843623157	-0.386021242
 -367	   -1	-0.921506394	-0.296707590
 -467	  -72	-0.160191656	-0.390215171
 -373	  -38	-0.981872005	-0.290115424
 -528	  -52	-0.357707450	-0.455453470
 -277	   +0	+0.714163640	-0.264155356
 -288	  -34	+0.117954039	-0.251449865
 -289	  +18	-0.146641438	-0.237440298
 -435	  -40	+0.447431867	-0.397533450
 -447	  -54	-0.341898862	-0.383717001
 -255	  -81	-0.336771752	-0.197459721
 -150	  -19	-0.052156133	-0.127725982
 -252	   -1	-0.770378735	-0.183585653
 -181	  +16	-0.352336192	-0.140415637
 -485	  -78	+0.618762780	-0.442932940
 -251	   -9	-0.920163579	-0.189374507
 -376	   -8	-0.697622608	-0.300873957
 -307	  -35	-0.961607715	-0.234078503
 -408	  +25	+0.174047060	-0.365936630
 -438	  -28	-0.402020325	-0.360478021
 -271	  -23	+0.412152470	-0.243796156
 -504	  +44	-0.625232704	-0.469082451
 -334	  -41	-0.193639943	-0.281234122
 -279	  -18	-0.183751946	-0.229788703
 -402	  -44	-0.362773522	-0.321367834
 -236	   +3	-0.802484207	-0.177019146
 -459	  -65	-0.221839045	-0.392308101
 -292	  -58	+0.383037812	-0.254299148
 -373	   +4	-0.032990509	-0.320421235
 -454	  -78	+0.815607166	-0.406008272
 -189	  -31	+0.768669698	-0.175290711
 -359	  +49	-0.705801569	-0.298020839
 -325	  -82	-0.814813684	-0.242760423
 -265	  -27	-0.327188940	-0.216281389
 -139	   +1	-0.723868526	-0.100443615
 -479	  -50	-0.714346751	-0.399513745
 -473	  -75	+0.874691000	-0.431973229
 -470	  -36	+0.813287759	-0.447116533
 -419	  -80	-0.713675344	-0.335644950
 -382	  +38	-0.691763054	-0.329421017
 -284	  -39	-0.091647084	-0.233462247
 -412	  -20	-0.165074618	-0.352800868
 -451	  +16	+0.487594226	-0.418226962
 -322	  -23	+0.005279702	-0.272834711
 -448	  -64	+0.898251289	-0.419585490
 -380	  -21	-0.553086947	-0.300476611
 -378	  +12	+0.891109958	-0.369972473
 -266	   +2	+0.862483596	-0.260302069
 -343	  -43	-0.114597003	-0.276294777
 -375	  -24	-0.381389813	-0.319004517
 -301	  -35	-0.134311960	-0.241437452
 -362	  -10	+0.132602924	-0.317689079
 -412	  -46	-0.562791833	-0.323467618
 -398	   -7	-0.351115452	-0.336554135
 -273	  -26	+0.464827418	-0.238822798
 -348	   +1	+0.059175390	-0.296222830
 -279	  +43	+0.893734550	-0.274358450
 -120	  -35	+0.750236518	-0.121862097
 -273	  +67	+0.997619556	-0.271143211
 -485	  -48	+0.178258614	-0.426790596
 -432	  -30	-0.343363750	-0.371339843
 -108	   +7	-0.418927580	-0.085401599
 -227	   +0	-0.357463301	-0.184743960
 -365	  -29	+0.563890500	-0.336169625
 -150	  -24	-0.658680990	-0.112117073
 -535	  -75	+0.595934935	-0.484939992
 -216	  +43	+0.657948546	-0.209481661
 -342	  -30	+0.496993927	-0.302637459
 -336	  -35	-0.907284768	-0.262536577
 -208	  -10	-0.830744346	-0.150926168
 -400	  -14	-0.077425459	-0.355052752
 -252	   -6	+0.342631306	-0.229535873
 -475	  +77	+0.030549028	-0.454665079
 -553	  -77	+0.762749107	-0.511099252
 -278	   +4	+0.178136540	-0.237220694
 -279	  -33	+0.612964263	-0.260490596
 -144	  +13	-0.787835322	-0.093253394
 -338	  +81	+0.631458480	-0.319996603
 -394	  +47	+0.089632862	-0.366333715
 -420	  -51	-0.957396161	-0.329981109
 -153	  -11	+0.857112339	-0.147539811
 -257	  -28	+0.099093600	-0.224068816
 -224	   -3	-0.549363689	-0.176686896
 -360	  -12	+0.841486862	-0.340179820
 -315	  +44	+0.996887112	-0.307978894
 -474	  -79	+0.486739708	-0.424008082
 -337	   +9	-0.219336528	-0.290608013
 -244	  -49	-0.414777062	-0.193178094
 -270	  -47	-0.667409284	-0.205205311
 -392	  -18	-0.363567003	-0.333891184
 -429	  -78	+0.146702475	-0.375677550
 -242	  -20	-0.372844630	-0.199250107
 -356	  -37	-0.726615192	-0.270610039
 -207	   +4	+0.559617908	-0.184674396
 -408	  -10	+0.373393963	-0.374130909
 -309	  -25	-0.507980590	-0.238254052
 -220	  -11	+0.220496231	-0.182981171
 -488	  -76	+0.236365856	-0.434528692
 -265	  -26	-0.609546190	-0.205712599
 -396	  +12	-0.181737724	-0.348159758
 -426	  -45	+0.198156682	-0.366770712
 -235	  +28	+0.520187994	-0.222553014
 -321	  -68	+0.548448134	-0.279199660
 -383	  -32	+0.412884915	-0.334993461
 -285	   -8	-0.990417188	-0.207778808
 -474	  +63	-0.967284158	-0.421481155
 -202	  +20	-0.718924528	-0.159647498
 -493	  -31	+0.293008209	-0.441872984
 -344	  -78	-0.018890957	-0.289505058
 -473	  -21	+0.841792047	-0.457304087
 -353	   -9	-0.281105991	-0.287069089
 -363	  -76	-0.630054628	-0.282036811
 -378	  -36	+0.849848933	-0.344393324
 -309	  +59	+0.318765831	-0.289574630
 -486	  -49	+0.143772698	-0.423341474
 -246	   +3	+0.194311350	-0.214394920
 -493	  -45	+0.706228828	-0.456181534
 -510	  -65	+0.036957915	-0.442148193
 -453	  -74	+0.688039796	-0.405658131
 -312	  -40	+0.258156072	-0.272169480
 -212	  -29	+0.458418531	-0.183410435
 -497	   +6	+0.543137913	-0.471376548
 -468	  -26	+0.393536180	-0.430708385
 -375	  +71	-0.893856624	-0.318895776
 -379	  -36	-0.027314066	-0.324062225
 -424	   +4	+0.051484725	-0.389876920
 -337	   -2	+0.148167364	-0.292621086
 -306	  -15	+0.052339244	-0.252857496
 -299	  -15	+0.585985900	-0.267470747
 -393	  -59	+0.031647694	-0.327193094
 -534	   -7	+0.722159490	-0.541657303
 -385	  -28	-0.522141179	-0.304653971
 -462	  -76	+0.450361644	-0.411601819
 -402	  -71	-0.909543138	-0.310987105
 -459	  -85	+0.317117832	-0.390735182
 -439	  -32	+0.155796991	-0.382388501
 -311	  -40	+0.859309671	-0.294070535
 -170	   -5	-0.206091494	-0.137386320
 -463	  -77	-0.732718894	-0.366774333
 -467	  -44	+0.853083895	-0.441106311
 -331	  -38	+0.125095370	-0.279927637
 -459	  -22	+0.690542314	-0.427570126
 -276	  -24	+0.699514756	-0.247978601
 -485	  -34	-0.768364513	-0.410003416
 -350	   -6	-0.140476699	-0.293432938
 -230	  -31	+0.127964110	-0.202397171
 -439	  -91	+0.944700461	-0.412465891
 -486	   -9	-0.639454329	-0.418244875
 -252	  -22	-0.877315592	-0.180515960
 -393	  -73	-0.148716697	-0.329151178
 -309	  -29	+0.494369335	-0.267208022
 -210	  +34	-0.207007050	-0.170997878
 -380	  -32	+0.158055361	-0.327603833
 -450	  -16	-0.789056063	-0.381501442
 -310	  -34	-0.906125065	-0.237817582
 -168	   -8	+0.196691794	-0.148961772
 -429	  -34	-0.231543931	-0.356594221
 -398	  -67	-0.018097476	-0.328015897
 -108	   +4	+0.105868709	-0.096310336
 -337	  -65	+0.777459029	-0.302288023
 -423	  -24	-0.811517685	-0.344826868
 -409	  +32	+0.912717063	-0.394620966
 -480	  +46	+0.993102817	-0.480425289
 -219	   -7	-0.566576128	-0.174128556
 -374	  +34	-0.370952483	-0.315531343
 -387	  -35	-0.473677786	-0.315114798
 -316	  -22	+0.002105777	-0.264479762
 -443	  -80	+0.548326060	-0.392285730
 -160	   +6	-0.745292520	-0.112545712
 -374	  +17	+0.184118168	-0.331774597
 -328	  -31	+0.214636677	-0.276187424
 -273	   +8	-0.417645802	-0.211676074
 -437	  -37	+0.988769189	-0.407338730
 -408	  +89	+0.340861232	-0.400541605
 -249	  -29	+0.602465896	-0.227769231
 -345	  +32	-0.523850215	-0.286764806
 -190	  -29	+0.696707053	-0.187195678
 -440	  +60	+0.281105991	-0.423042365
 -374	   +1	+0.278969695	-0.339458632
 -262	   +8	-0.766960662	-0.192677439
 -359	  -18	+0.496627705	-0.324818273
 -513	  -95	-0.468794824	-0.423129884
 -355	  -38	+0.928952910	-0.337362328
 -441	  -19	+0.747489853	-0.419294388
 -286	   -1	+0.322367016	-0.252768592
 -330	  -14	+0.409955138	-0.301661528
 -474	  -49	-0.515976440	-0.397005646
 -490	  -82	+0.138767663	-0.427875310
 -388	   +0	+0.429303873	-0.348436096
 -262	   -2	-0.832758568	-0.203044482
 -383	  -35	-0.333353679	-0.313489334
 -143	  +23	-0.267983032	-0.119748056
 -131	   +4	+0.971373638	-0.132911688
 -314	  -46	-0.206579791	-0.263611905
 -390	  -26	-0.048860134	-0.332083570
 -331	   -2	+0.391216773	-0.294631391
 -369	  -77	+0.323282571	-0.308353279
 -260	  -24	+0.499008148	-0.227707032
 -339	  -43	-0.212988678	-0.269899890
 -359	   +1	+0.958861049	-0.343805496
 -321	  -37	-0.901852474	-0.244729916
 -215	  -29	+0.821161534	-0.202415142
 -251	  -26	-0.627002777	-0.189959188
 -312	  -19	-0.034028138	-0.257490934
 -544	  -68	+0.153355510	-0.489415878
 -172	  -18	+0.489242225	-0.163221512
 -490	  -64	+0.080782495	-0.426834778
 -304	  -93	-0.838984344	-0.219609687
 -268	  -31	+0.110873745	-0.226977521
 -497	  -36	+0.842646565	-0.472377195
 -402	  +66	-0.961424604	-0.348929099
 -334	  -60	-0.034760582	-0.274382827
 -436	  -44	-0.797357097	-0.341074285
 -317	  -15	+0.490401929	-0.278081245
 -407	  -29	+0.150120548	-0.347434546
 -357	   +9	-0.355204932	-0.310340428
 -540	  -84	+0.359904782	-0.487146452
 -361	  -31	+0.266640217	-0.323287388
 -331	  -15	-0.988647114	-0.242324970
 -336	  -43	-0.294167913	-0.267934311
 -237	  -25	+0.680288095	-0.219361544
 -280	  -18	-0.163487655	-0.232547749
 -285	  -11	-0.377544481	-0.226666397
 -314	  -12	-0.694387646	-0.240330599
 -424	  +43	-0.739310892	-0.376710848
 -253	  -42	+0.241492965	-0.217922036
 -149	  -16	-0.467696158	-0.112042360
 -456	  -45	-0.007477035	-0.392350433
 -538	  -20	-0.456038087	-0.480007400
 -410	  -32	-0.233252968	-0.352341492
 -320	  -29	-0.620349742	-0.249220100
 -217	  -19	-0.378154851	-0.171513526
 -351	  -54	+0.163914914	-0.301971309
 -373	  -31	-0.652088992	-0.293176907
 -250	  -26	-0.573778497	-0.189680830
 -506	  -66	+0.899838252	-0.472171464
 -227	  +26	+0.272438734	-0.198004982
 -453	  -33	-0.591845454	-0.386587505
 -292	  -16	-0.801507614	-0.226953406
 -294	  +19	-0.867183447	-0.224121780
 -426	  -65	-0.094332713	-0.360690441
 -340	   -3	-0.670461135	-0.270891006
 -464	  -35	-0.642445143	-0.382574338
 -353	  +33	+0.010101627	-0.309706726
 -461	  -13	-0.851252785	-0.374237444
 -231	  -31	+0.524521622	-0.214173645
 -216	  +12	-0.382305368	-0.178181028
 -487	  -59	+0.050019837	-0.423423259
 -569	  -41	+0.679494613	-0.563049143
 -457	   -2	-0.823908200	-0.372603390
 -273	  -39	+0.326090274	-0.237359154
 -185	   +1	-0.087740715	-0.161418707
 -356	  -31	-0.389629810	-0.287762296
 -408	   +1	-0.252296518	-0.349385450
 -352	  +28	-0.218726157	-0.298159174
 -342	  -70	-0.856929228	-0.260131764
 -190	  +28	-0.291421247	-0.159829142
 -240	  -78	-0.781182287	-0.167264532
 -280	   +1	-0.522019105	-0.225695658
 -290	  -58	+0.351603748	-0.243170319
 -366	  +10	+0.680043947	-0.353319616
 -295	  +75	-0.973326823	-0.242430513
 -470	  +76	-0.824823756	-0.433517221
 -192	  -12	+0.314981536	-0.166128106
 -252	   -7	+0.117160558	-0.221666625
 -348	  -50	+0.894344920	-0.316260408
 -215	  -13	-0.546372875	-0.170057984
 -259	  -35	-0.179723502	-0.207222971
 -380	  -42	-0.797601245	-0.291294240
 -448	  +86	-0.178930021	-0.443117699
 -201	   -4	-0.517441328	-0.158958983
 -546	  -24	-0.579271828	-0.480225978
 -420	  +21	+0.887691885	-0.400154151
 -476	  -55	-0.693533128	-0.383906968
 -397	  +46	-0.727896970	-0.334077982
 -401	  -20	-0.104159673	-0.345813815
 -203	  +21	-0.292886135	-0.170725667
 -534	  -42	-0.946897794	-0.454078818
 -406	   -9	-0.718131046	-0.327988700
 -239	  -21	-0.846491897	-0.180611105
 -306	  -52	+0.975524155	-0.280849250
 -414	  +16	-0.181615650	-0.367328964
 -306	  -41	-0.340433973	-0.250495137
 -268	  -14	-0.943845943	-0.198519388
 -376	  -40	-0.209021271	-0.319917683
 -435	  -74	+0.434125797	-0.374532727
 -281	  -57	-0.779107028	-0.211280622
 -318	  -55	+0.504928739	-0.276235674
 -433	   +1	-0.651234474	-0.368984475
 -488	  -35	+0.586718345	-0.445186878
 -287	  -36	+0.044343394	-0.244259765
 -463	  +32	-0.763481552	-0.401599394
 -456	  +50	-0.137913144	-0.415252583
 -185	  -17	+0.193395795	-0.153980439
 -286	  +15	+0.545762505	-0.262604927
 -266	  +88	-0.322855312	-0.234619454
 -281	  -25	+0.868587298	-0.265163691
 -509	  -39	+0.724478896	-0.473479578
 -570	  -77	-0.566087832	-0.501054916
 -370	  +27	-0.459578234	-0.312187707
 -391	  -62	-0.595629749	-0.312276411
 -393	  -43	-0.688161870	-0.311737998
 -226	   -2	+0.034821619	-0.187318445
 -257	  -11	+0.818048647	-0.250062240
 -317	  -22	-0.613696707	-0.246250239
 -435	  -39	+0.376873074	-0.387278542
 -366	  -75	+0.307596057	-0.307021502
 -322	   +0	+0.261391034	-0.284220288
 -360	  -79	-0.103183081	-0.293665260
 -215	   +9	+0.460860012	-0.197712504
 -175	  -16	-0.986083560	-0.119002456
 -117	   +7	+0.010956145	-0.098259769
 -364	  -29	-0.145359661	-0.297493730
 -277	  -54	+0.019745476	-0.231198814
 -203	   -9	-0.140537736	-0.166199042
 -241	  -49	-0.542893765	-0.185215121
 -217	  -34	+0.633350627	-0.199886089
 -342	  +36	-0.088045900	-0.296778473
 -463	  -11	+0.924985504	-0.443140497
 -331	  +56	+0.168370617	-0.292375751
 -458	  -53	-0.911313211	-0.363075266
 -413	  -39	+0.047395245	-0.348235245
 -278	  -88	+0.965086825	-0.250099492
 -555	  -90	-0.663563952	-0.464478255
 -334	  -34	-0.206213569	-0.268077216
 -211	  -19	-0.084139531	-0.171352643
 -399	  -61	+0.772148808	-0.366427186
 -313	  -26	+0.088351085	-0.275766483
 -139	  +23	+0.256202887	-0.131559148
 -384	  -42	-0.200476089	-0.326135118
 -425	  -19	+0.488937040	-0.379144380
 -446	  +15	+0.038239692	-0.402509280
 -458	  -91	-0.228370006	-0.385607078
 -480	  -60	+0.715079196	-0.446357119
 -465	  -91	-0.562547685	-0.380789095
 -433	  -43	-0.476180303	-0.358870921
 -312	   -2	-0.394390698	-0.254519296
 -274	  -62	+0.235694449	-0.232558594
 -529	  -57	-0.618274483	-0.437189592
 -452	  -57	+0.997436445	-0.416493201
 -531	   -7	+0.282570879	-0.501520719
 -247	  -34	+0.221289712	-0.215420527
 -512	  -77	-0.641224403	-0.423089597
 -388	  -44	+0.283547472	-0.337284781
 -225	  -61	-0.411542100	-0.168763879
 -357	  -29	+0.919370098	-0.342049548
 -499	  -73	+0.151829585	-0.434516887
 -322	  -16	+0.797540208	-0.297053119
 -407	   +5	-0.761589404	-0.331385572
 -304	  +53	+0.466292306	-0.279142953
 -441	  -40	-0.640247810	-0.364050582
 -512	  -63	+0.947080905	-0.475290330
 -442	  -46	-0.895199438	-0.357002707
 -197	  -28	+0.680104984	-0.184047126
 -315	  +27	+0.993285928	-0.297063935
 -314	  -56	+0.544053468	-0.269985236
 -171	  -14	-0.202551347	-0.141210973
 -113	   -5	+0.625293741	-0.118051753
 -444	  -63	-0.435407575	-0.365778448
 -347	  -28	-0.268654439	-0.278928326
 -418	  -30	-0.292153691	-0.357884577
 -198	  -49	-0.986388745	-0.122613813
 -347	  -21	-0.282937101	-0.278363378
 -505	  -59	-0.718680380	-0.417457074
 -310	  +24	-0.865291299	-0.250339889
 -219	  +36	+0.236426893	-0.192024551
 -491	  -65	+0.280739769	-0.440847717
 -130	   -5	-0.934995575	-0.077110285
 -314	   +1	+0.253761406	-0.268940932
 -260	  -28	-0.272743919	-0.211780627
 -177	  +42	-0.891598254	-0.129097531
 -146	  -26	-0.966856899	-0.099658416
 -460	  +65	+0.052827540	-0.431732216
 -337	  -48	-0.746818445	-0.260760895
 -188	  +46	+0.140720847	-0.165870824
 -506	  -62	-0.014007996	-0.439537813
 -320	  -60	+0.961241493	-0.294794413
 -209	  +67	-0.836664937	-0.159279497
 -458	  -89	-0.221045564	-0.379233328
 -320	  -43	+0.266701254	-0.283954616
 -266	  +12	-0.950621052	-0.205259591
 -383	  +32	-0.927121799	-0.311825208
 -284	   +3	-0.527207251	-0.222212619
 -542	  -48	-0.866695151	-0.469599021
 -421	  +39	-0.141514328	-0.387852665
 -211	  -45	+0.108188116	-0.170858995
 -226	  -11	+0.746208075	-0.221460200
 -319	  -82	+0.085848567	-0.268900110
 -244	  +24	+0.124362926	-0.217937007
 -448	  -30	+0.391827143	-0.402255233
 -449	  +17	-0.056245613	-0.413742767
 -363	  -84	-0.435224464	-0.279086961
 -408	  -21	+0.562913907	-0.367896597
 -522	  -85	+0.118564409	-0.455340462
 -351	  -88	-0.834101382	-0.255535516
 -363	  -20	-0.593371380	-0.288818693
 -315	  +19	+0.811517685	-0.293909298
 -239	  -40	+0.742057558	-0.223460821
 -419	  -41	+0.377971740	-0.379598365
 -169	  -49	+0.213232826	-0.139115527
 -577	  -67	+0.214575640	-0.527739005
 -411	  +42	-0.137730033	-0.361063231
 -466	  -23	+0.396526994	-0.435537150
 -331	  +41	+0.448042238	-0.310254588
 -291	   -8	+0.102145451	-0.246130177
 -143	  -24	-0.974730674	-0.090295068
 -207	  +47	-0.112033448	-0.182455962
 -324	  -13	-0.280678732	-0.264771790
 -242	  -20	+0.428388318	-0.215089831
 -408	  -48	+0.714835047	-0.376411687
 -436	  -23	+0.017548143	-0.378176487
 -449	  -75	-0.696401868	-0.365864658
 -469	  +50	-0.745780816	-0.414424051
 -321	  -25	-0.013397626	-0.280596442
 -221	   -5	+0.250465407	-0.189044595
 -417	  -66	-0.580065310	-0.328097232
 -352	  -31	-0.101596118	-0.299194249
 -229	  +13	+0.604235969	-0.220957558
 -298	  -19	-0.184789575	-0.244768524
 -477	  -42	+0.669789727	-0.435574603
 -237	   +0	+0.544785913	-0.211292172
 -362	   -5	-0.650013733	-0.296021631
 -336	  -46	-0.796990875	-0.257757709
 -564	  -31	+0.136448256	-0.521720635
 -433	  -42	+0.875362407	-0.410433286
 -562	  -23	+0.516159551	-0.546397566
 -346	  +13	-0.498275704	-0.286908755
 -333	  -93	-0.270790735	-0.254716859
 -496	   +3	+0.100253304	-0.463075260
 -263	  +20	-0.966795862	-0.191003589
 -448	  -69	+0.283425398	-0.389329210
 -499	  -50	+0.626209296	-0.453402256
 -280	  +19	-0.728568377	-0.228035646
 -251	   -5	-0.831232643	-0.191516346
 -260	  +11	-0.847468490	-0.202772966
 -434	  -63	+0.272316660	-0.376264261
 -394	  -49	-0.369609668	-0.327416379
 -278	  -63	+0.732291635	-0.260296748
 -254	   -6	-0.524338511	-0.196159286
 -429	   -3	-0.648854030	-0.358776405
 -253	  -25	+0.856501968	-0.234197787
 -398	  -43	-0.613757744	-0.321371677
 -279	  -20	-0.217688528	-0.233720941
 -265	  +55	-0.662221137	-0.208276216
 -242	  +44	-0.915097507	-0.189213218
 -338	  -19	-0.736869411	-0.272888481
 -291	  -74	-0.989074374	-0.204745971
 -409	  +68	-0.812982574	-0.360729373
 -311	  -20	+0.662343211	-0.294498219
 -175	  -27	-0.402325510	-0.138950450
 -401	  -70	-0.463911863	-0.325516007
 -467	  -62	-0.589648122	-0.391362804
 -420	  -55	+0.932065798	-0.396676526
 -356	   -7	+0.570299387	-0.318325644
 -320	   +2	-0.171788690	-0.270298658
 -274	  -19	+0.501510666	-0.246250868
 -349	   +1	-0.126560259	-0.294248314
 -178	  -38	-0.308084353	-0.141118173
 -336	   +0	+0.825189978	-0.324478413
 -448	  -78	-0.242164373	-0.371247992
 -372	  -50	+0.960570086	-0.339026750
 -293	   -9	-0.922421949	-0.213516186
 -251	  -21	+0.814874722	-0.229027792
 -323	  -66	-0.128330332	-0.259968943
 -404	  -32	-0.667165136	-0.322343529
 -501	   +8	-0.070162053	-0.464516503
 -451	  +35	+0.481124302	-0.439862113
 -240	  -42	-0.486190374	-0.190121576
 -380	  -59	+0.193700980	-0.319504715
 -309	  -69	+0.651478622	-0.271091035
 -416	  -27	+0.843379009	-0.394410543
 -170	   -5	+0.398297067	-0.146845396
 -395	  -12	+0.287514878	-0.343937223
 -278	  -44	-0.731376080	-0.203133609
 -424	  +11	-0.235145116	-0.372444532
 -411	  -89	-0.084444716	-0.347198587
 -233	  -29	+0.786065249	-0.214591256
 -273	   +6	+0.459761345	-0.239953982
 -200	  -28	-0.885067293	-0.135911380
 -377	  -36	-0.585985900	-0.311588041
 -258	  +25	-0.633594775	-0.198580453
 -172	   -4	-0.194616535	-0.141972070
 -349	  -30	+0.262794885	-0.297405122
 -297	  -11	-0.949888607	-0.226613079
 -240	  +80	+0.655568102	-0.225115186
 -170	  -27	+0.851130711	-0.167253906
 -512	  -67	-0.772820215	-0.413518841
 -123	   +3	+0.019257179	-0.098848347
 -407	  -38	+0.713126011	-0.378411117
 -381	  -91	-0.377910703	-0.301869147
 -472	  -90	-0.008758812	-0.400455175
 -488	   +6	-0.070101016	-0.448731782
 -398	  -66	-0.723807489	-0.316603067
 -428	  -70	+0.913571581	-0.390912953
 -154	  -23	+0.034394360	-0.127019219
 -385	  -28	-0.215857418	-0.330872065
 -259	  -27	-0.494369335	-0.209062639
 -338	  -35	-0.300149541	-0.277840790
 -132	   +0	+0.483932005	-0.126884225
 -538	  -44	-0.973387860	-0.446414564
 -344	  +39	-0.709097568	-0.274227317
 -515	  -33	+0.080660421	-0.468329292
 -314	  -27	-0.142735069	-0.262231677
 -445	  +48	+0.516830958	-0.443427116
 -355	  -26	-0.543870357	-0.289857741
 -322	  -65	+0.792840358	-0.284044481
 -291	  +43	+0.315164647	-0.272305156
 -422	   -3	-0.676259651	-0.347062748
 -163	   +5	-0.727896970	-0.113917077
 -162	   +0	-0.380230110	-0.133695868
 -550	  -27	+0.819269387	-0.535701400
 -312	  -49	-0.789727470	-0.241648453
 -400	  +50	+0.078035829	-0.373139955
 -437	  +82	+0.304177984	-0.434282408
 -245	  -24	+0.765495773	-0.233524795
 -434	  +32	-0.624256111	-0.370782211
 -209	  -13	+0.423932615	-0.191584703
 -326	   -9	-0.149998474	-0.276215997
 -286	  +27	-0.784478286	-0.232067867
 -460	  +33	-0.538193915	-0.401936097
 -306	  -11	+0.408856471	-0.283175702
 -158	  +12	+0.208288827	-0.137572984
 -321	  -51	+0.458418531	-0.274745108
 -360	  -84	-0.842280343	-0.273749847
 -230	   +0	+0.080111087	-0.201187228
 -290	  -41	+0.820062868	-0.267984662
 -457	  -50	-0.329020051	-0.384675275
 -469	  -15	+0.106357006	-0.415398970
 -204	   -3	+0.593554491	-0.186109008
 -251	  -58	+0.157078768	-0.205943433
 -286	  +30	+0.008392590	-0.247994755
 -483	  -25	-0.963560900	-0.405989828
 -505	  +27	+0.533066805	-0.501396711
 -296	  +61	-0.536362804	-0.249185689
 -443	  -61	+0.102633747	-0.386257272
 -242	  -42	-0.063997314	-0.193424641
 -255	  -21	+0.290322581	-0.229937297
 -355	  -42	-0.865596484	-0.275610112
 -302	  -40	+0.932920316	-0.275962843
 -390	   -8	-0.680410169	-0.327674740
 -373	  -28	-0.215063936	-0.307369072
 -235	   +1	-0.989867855	-0.171022594
 -249	  -47	+0.595568712	-0.216405147
 -287	  -15	-0.977477340	-0.219187750
 -359	  -23	-0.319803461	-0.297488032
 -449	  -72	+0.833979308	-0.419384067
 -105	  +15	+0.746330149	-0.110576876
 -392	  -40	-0.316934721	-0.325992278
 -462	  -54	+0.939146092	-0.438190487
 -379	  -61	+0.243385113	-0.321683164
 -533	  -68	-0.883053072	-0.434878581
 -478	  -92	-0.835810419	-0.372280188
 -336	  -74	+0.191198462	-0.290153549
 -405	  +10	+0.900326548	-0.397520419
 -309	  -22	-0.041535691	-0.263404653
 -224	   -9	+0.336588641	-0.197225090
 -388	  -10	+0.698538163	-0.355561170
 -235	  -15	+0.870113224	-0.216708943
 -405	  -64	-0.685659352	-0.324557036
 -420	  -44	-0.166661580	-0.345387771
 -378	  +38	-0.851374859	-0.321622901
 -411	  -59	-0.888607440	-0.325005426
 -340	  -25	+0.100985748	-0.287011770
 -259	  -56	+0.640186773	-0.234476508
 -295	   -8	+0.783196509	-0.275289267
 -181	  +70	+0.994323557	-0.191942800
 -431	  +33	-0.604480117	-0.375555369
 -492	  -51	-0.154637288	-0.430031823
 -289	  -13	+0.890804773	-0.266183926
 -251	  -38	-0.211218604	-0.205512822
 -549	  +68	+0.213538011	-0.562839015
 -399	  -19	-0.823725089	-0.323839716
 -208	  +18	-0.266212958	-0.176156559
 -328	   -9	+0.997009186	-0.311989500
 -197	  +43	-0.859981079	-0.148917952
 -442	  -53	-0.695059053	-0.359377267
 -220	  +51	-0.304849391	-0.187782815
 -214	  +24	+0.817255165	-0.215145867
 -171	  -19	+0.964598529	-0.164210114
 -419	  +44	+0.175267800	-0.385952887
 -175	  -46	+0.959593493	-0.180619592
 -470	  +49	-0.968138676	-0.414417639
 -162	  -11	+0.023224586	-0.131783542
 -214	   -6	-0.580553606	-0.170137691
 -518	  -25	-0.473189489	-0.456365631
 -361	  -49	-0.785454878	-0.271916831
 -313	  -51	-0.403851436	-0.251875014
 -282	  +29	+0.128757591	-0.248432384
 -473	  -21	+0.253089999	-0.440904412
 -254	  +15	-0.132358776	-0.211143120
 -264	  +19	+0.297036653	-0.231209093
 -289	   +4	-0.942930387	-0.215303540
 -331	  -22	+0.867183447	-0.303802304
 -331	  -49	+0.273964660	-0.291745217
 -199	  -31	+0.021881771	-0.165147541
 -294	  -24	+0.647022919	-0.262160768
 -188	  +19	-0.552781762	-0.145033951
 -498	  -57	+0.395611438	-0.457786158
 -433	  -69	+0.800347911	-0.388040030
 -366	  -18	+0.146214179	-0.313409201
 -527	  -17	-0.703482162	-0.463727927
 -461	  -40	-0.261146886	-0.402952262
 -324	  -31	-0.280068361	-0.262354813
 -390	  -74	+0.910397656	-0.349173441
 -268	  -23	+0.218176824	-0.231175114
 -134	   -5	+0.458296457	-0.121067179
 -408	  -36	-0.322977386	-0.343088578
 -506	  -70	-0.631641591	-0.429678290
 -387	  -74	-0.256080813	-0.321841523
 -169	  -24	+0.079989013	-0.137477292
 -317	  -19	-0.838740196	-0.244992973
 -356	  -37	+0.800408948	-0.324409741
 -328	  +13	+0.579760125	-0.299704104
 -385	  -44	-0.331339457	-0.318926727
 -206	  -14	-0.641102329	-0.156962625
 -364	  +31	-0.503463851	-0.300206062
 -287	  -31	-0.115268410	-0.229044718
 -322	  -30	+0.892513810	-0.308118039
 -495	  +18	+0.869197668	-0.486208605
 -282	  -25	+0.282631916	-0.245886250
 -391	  +90	-0.692983795	-0.353500186
 -257	  +33	-0.313577685	-0.207494015
 -257	   -9	-0.123752556	-0.211095683
 -391	  -40	-0.036530656	-0.341039084
 -425	  -63	-0.365886410	-0.345566354
 -246	  -15	-0.386761071	-0.196070265
 -545	  -12	+0.289529099	-0.527633547
 -430	  -58	-0.742301706	-0.341249821
 -446	  -73	+0.822931608	-0.399728600
 -288	  -47	+0.604480117	-0.251980166
 -173	  +18	-0.139744255	-0.148208525
 -389	  +16	+0.445600757	-0.364027504
 -471	  -12	+0.155980102	-0.423185790
 -391	  -41	-0.657643361	-0.305575475
 -402	  -12	-0.399334696	-0.328878579
 -230	  -78	-0.269631031	-0.172031125
 -334	   +2	+0.438093204	-0.300213314
 -233	  -36	+0.370342112	-0.198434140
 -238	  -15	-0.299172948	-0.194665979
 -278	  +57	+0.607531968	-0.264587669
 -493	  +53	+0.404400769	-0.497272937
 -219	  +16	+0.742301706	-0.201277723
 -129	  -13	-0.953550829	-0.075297285
 -306	  -43	-0.261513108	-0.250655858
 -267	  -20	-0.048249763	-0.223866589
 -366	  -26	+0.741325114	-0.347787170
 -257	  -27	+0.419598987	-0.225492584
 -222	  -25	+0.242896817	-0.200179973
 -370	  -69	-0.963805048	-0.277804334
 -403	  -53	+0.004058962	-0.344279881
 -363	  -44	+0.126560259	-0.320419365
 -269	  -13	+0.030610065	-0.226915607
 -405	  -44	-0.056306650	-0.351101868
 -321	  -29	+0.370036927	-0.278367927
 -484	  +23	-0.102633747	-0.438903377
 -156	  -29	-0.021332438	-0.136958495
 -326	   +2	+0.315958129	-0.292538676
 -346	  -40	-0.226477859	-0.289526037
 -271	  -41	-0.510544145	-0.215941146
 -154	  +19	+0.053498947	-0.140625677
 -289	  -32	+0.414105655	-0.252798882
 -115	   -9	-0.270912809	-0.095265484
 -452	  -63	-0.637806330	-0.374916711
 -358	  -60	+0.648121586	-0.315777187
 -471	  +56	-0.830256050	-0.414510779
 -293	  +27	+0.283852657	-0.267057894
 -512	  -43	-0.194616535	-0.444450997
 -254	  -12	-0.133030183	-0.207880012
 -280	  -13	-0.188818018	-0.238427313
 -556	   +7	-0.823908200	-0.491421843
 -277	  -41	+0.776360363	-0.257054274
 -198	  -37	-0.303872799	-0.157619578
 -213	  -25	-0.037568285	-0.171118851
 -315	  -49	-0.370220038	-0.251423978
 -385	  -42	-0.202795495	-0.317488752
 -466	  -82	-0.659840693	-0.365626875
 -533	  -35	-0.617297891	-0.472654563
 -322	  -26	+0.762443922	-0.290320183
 -348	  -38	-0.245155187	-0.289697663
 -264	  -49	-0.167699210	-0.217566164
 -292	  -24	+0.918881802	-0.278866934
 -227	  +33	+0.129245888	-0.198396774
 -310	  -22	+0.102816858	-0.270462469
 -416	  -72	-0.156834620	-0.354168065
 -331	   +6	-0.908200323	-0.250075496
 -392	  -29	+0.931272317	-0.377323295
 -216	  -16	+0.277321696	-0.185539921
 -285	  -24	+0.001800592	-0.236775496
 -378	  -29	+0.531174657	-0.340098815
 -216	   +0	+0.045869320	-0.175206700
 -354	  -47	+0.557908872	-0.313241574
 -503	  -26	+0.930173650	-0.493534488
 -331	  -23	+0.113132115	-0.277716165
 -358	  -35	-0.844477676	-0.266656530
 -300	   -7	+0.645313883	-0.270664676
 -280	   -2	-0.602526933	-0.220714336
 -140	   -9	+0.808954131	-0.146491457
 -471	  +76	-0.542832728	-0.436817874
 -259	  -61	+0.106112857	-0.214804302
 -530	  -69	-0.298989837	-0.446129288
 -390	   -7	-0.572191534	-0.329690887
 -314	   +5	-0.227332377	-0.267554144
 -267	  +25	+0.036652730	-0.225508339
 -426	   +0	-0.424542985	-0.366318982
 -339	  +14	+0.513046663	-0.321252562
 -346	  -12	+0.864986114	-0.318723632
 -400	  -42	-0.468306528	-0.332506282
 -368	  -17	-0.790276803	-0.288200200
 -379	  +42	+0.037079989	-0.332994881
 -238	  -29	+0.493392743	-0.218549534
 -196	   -2	-0.179662465	-0.155551905
 -217	   -1	+0.775078585	-0.199967919
 -269	  -20	+0.593981750	-0.252900219
 -508	  -53	-0.668874172	-0.436547074
 -290	  -70	-0.738517411	-0.220052650
 -207	  -11	-0.587755974	-0.163865649
 -361	  -42	-0.376995148	-0.286270070
 -394	  -28	+0.535447249	-0.357335415
 -239	  -18	+0.668874172	-0.215042637
 -248	  -32	+0.270241401	-0.214035336
 -312	  -37	-0.274758141	-0.259408456
 -350	   -4	+0.674550615	-0.329227546
 -451	  -57	-0.513290811	-0.377820362
 -244	   +8	-0.786187323	-0.190039515
 -238	   -5	-0.148350475	-0.193742501
 -361	  +66	-0.044587542	-0.323302061
 -402	  +80	-0.691579943	-0.346437788
 -501	  -81	+0.409772027	-0.457085107
 -422	  -49	-0.394878994	-0.347565497
 -224	  +31	-0.584459975	-0.173990961
 -462	  -58	+0.872859890	-0.420990886
 -119	   +9	-0.379192480	-0.085994474
 -529	  -44	-0.748039186	-0.443019782
 -275	   +0	+0.712637715	-0.247875315
 -273	  -27	-0.140354625	-0.223385290
 -312	  -31	-0.685537278	-0.233541791
 -335	  +73	-0.965819269	-0.265929995
 -336	   -1	+0.085543382	-0.291302288
 -399	  -51	-0.743827631	-0.318627997
 -194	  -18	-0.087557604	-0.163539055
 -464	  -76	-0.653248695	-0.374709743
 -351	  -42	+0.517502365	-0.319554710
 -228	  -30	-0.812372204	-0.164093555
 -384	  -88	+0.730094302	-0.337642116
 -256	  +40	-0.537644581	-0.207244488
 -488	  -65	+0.499191259	-0.449664009
 -348	  -30	-0.088656270	-0.291585579
 -352	  -58	-0.655384991	-0.272260051
 -518	  -52	+0.874324778	-0.490322149
 -514	  -45	-0.334574419	-0.455999912
 -486	  -31	+0.979857784	-0.458639972
 -332	  -25	-0.494613483	-0.270992540
 -193	   +0	-0.207251198	-0.150095440
 -368	  -20	+0.561449019	-0.333359052
 -359	   -5	-0.699392682	-0.288376090
 -382	  +34	+0.295144505	-0.349104363
 -247	  -23	+0.144993439	-0.218749954
 -544	  -80	-0.063509018	-0.470021330
 -298	  +20	-0.416241951	-0.249493894
 -359	  -50	+0.861201819	-0.339705322
 -340	  -43	+0.438947722	-0.293913901
 -444	  -55	+0.368449965	-0.390851651
 -392	   +5	-0.603137303	-0.320104126
 -247	   -3	+0.066194647	-0.216499282
 -151	  -23	-0.467879269	-0.109049971
 -401	  -53	-0.921140172	-0.310486082
 -105	   -3	-0.879146702	-0.056504114
 -474	  -60	-0.452864162	-0.389767603
 -378	  -41	+0.676137577	-0.341633134
 -488	  -42	+0.158482620	-0.439452064
 -416	  -14	-0.207190161	-0.365848726
 -199	   +1	+0.738212226	-0.192761881
 -181	  -22	+0.589281899	-0.162674868
 -297	  +50	+0.830805383	-0.291343943
 -307	  -16	-0.693166906	-0.246262840
 -214	  -28	+0.361980041	-0.183944853
 -452	  -74	-0.176366466	-0.374070660
 -350	  -16	+0.681020539	-0.317393045
 -178	   +7	+0.306375317	-0.161734094
 -421	  -64	-0.692800684	-0.333839920
 -410	  -65	+0.208777123	-0.347040946
 -391	  -63	-0.971678823	-0.298849950
 -486	  +22	-0.935850093	-0.430629944
 -355	  -13	+0.721610157	-0.334733495
 -396	  +28	+0.304422132	-0.364064111
 -379	  -26	-0.995910520	-0.285584942
 -522	  +55	-0.934812464	-0.469955432
 -442	  -64	-0.959044160	-0.347149730
 -388	  -53	+0.120456557	-0.334772118
 -219	  -38	-0.295815912	-0.175292933
 -332	  -26	-0.995727409	-0.255249366
 -340	   +0	+0.583727531	-0.322660832
 -198	  -65	+0.899349956	-0.198167538
 -309	  +44	-0.201330607	-0.268010389
 -352	  -31	+0.131748405	-0.298364500
 -332	  -39	+0.926084170	-0.312943610
 -220	  -29	-0.939085055	-0.159468474
 -442	  +14	-0.346842860	-0.395630446
 -501	  +74	-0.068880276	-0.503398063
 -270	  +58	+0.809808649	-0.266239354
 -392	  -48	+0.476119266	-0.349844201
 -131	   -3	+0.316324351	-0.112144862
 -338	  +13	+0.943296609	-0.323214685
 -272	  -28	+0.338663900	-0.241559830
 -365	  -25	-0.200781274	-0.305528136
 -328	  +12	-0.798944060	-0.255468894
 -410	   +0	-0.291665395	-0.358821218
 -402	   +9	+0.874141667	-0.378011593
 -306	  +16	-0.658864101	-0.239281009
 -339	  -40	-0.246070742	-0.270918824
 -244	  -19	+0.884762108	-0.238385763
 -140	  +10	+0.766228217	-0.138709875
 -342	  +69	-0.328287606	-0.291701512
 -283	  -11	+0.588000122	-0.255490149
 -236	   -9	-0.260170293	-0.198445588
 -232	  -24	-0.552354503	-0.181604875
 -348	  -38	-0.768913846	-0.275798131
 -270	  -37	+0.118381298	-0.224206138
 -449	  -35	-0.974242378	-0.365661406
 -483	  -50	-0.402630696	-0.418950605
 -246	  -22	-0.637806330	-0.191184750
 -311	  -39	+0.655934324	-0.275377859
 -381	  -28	-0.494857631	-0.313301296
 -261	   +3	+0.321390423	-0.234580541
 -406	  +71	-0.132541887	-0.379307868
 -429	  -79	-0.210913419	-0.356854233
 -384	  -50	-0.179662465	-0.327141187
 -281	   +8	-0.678151799	-0.217837292
 -362	  -86	+0.319132054	-0.314255441
 -292	  +41	-0.908566546	-0.231505954
 -343	  +11	-0.607287820	-0.283761453
 -194	  +19	+0.861812189	-0.188193234
 -255	  +16	-0.996459853	-0.195959636
 -497	  -60	+0.620960112	-0.457359301
 -356	   +9	-0.500656148	-0.286832622
 -306	  +63	+0.943540757	-0.296233083
 -312	  +47	-0.058137761	-0.277094035
 -290	  +14	+0.593310343	-0.267757275
 -418	  +14	-0.888058107	-0.354318977
 -461	  -28	+0.562730796	-0.427751858
 -533	  -29	-0.066621906	-0.477971416
 -386	   -8	+0.538315989	-0.362205285
 -307	  -74	+0.254188665	-0.258359006
 -419	  -91	-0.215857418	-0.334066201
 -478	  -57	+0.942686239	-0.443636290
 -353	  -39	-0.100619526	-0.289495338
 -327	  -61	+0.300027467	-0.272557893
 -366	  -20	-0.178807947	-0.306014354
 -197	  -46	-0.012543107	-0.165130027
 -376	  -39	+0.624073000	-0.339972642
 -341	  -10	-0.476790674	-0.282635730
 -305	   -6	+0.455183569	-0.272783738
 -308	   +4	+0.639759514	-0.279931667
 -312	  -40	+0.140110477	-0.261065512
 -255	  -51	+0.080538347	-0.216878352
 -222	  -13	-0.570604572	-0.159883966
 -150	  +43	-0.932370983	-0.094933184
 -333	  +23	+0.597094638	-0.306818959
 -193	  +17	-0.869563890	-0.134583685
 -329	  -44	+0.928403577	-0.297288638
 -200	  -32	+0.360087893	-0.172677728
 -417	  -45	-0.408917508	-0.339940731
 -238	  -33	+0.183202612	-0.200029471
 -252	   +8	-0.192724387	-0.205411739
 -296	  -38	-0.579943236	-0.232485455
 -337	  -65	+0.216589862	-0.279657977
 -431	  +56	-0.475936155	-0.393830719
 -429	   +6	+0.877559740	-0.416884457
 -158	  -17	-0.684438612	-0.117722279
 -310	  -24	-0.167760247	-0.258255304
 -401	  -64	+0.890682699	-0.375211790
 -176	   -5	-0.432111576	-0.137806175
 -451	   -2	-0.952330088	-0.378101242
 -435	  -45	+0.622852260	-0.398746750
 -277	  -24	+0.115939817	-0.244495456
 -343	  -35	+0.722037416	-0.314024917
 -494	  -63	-0.943845943	-0.391240621
 -408	  -11	+0.608447523	-0.373728757
 -331	  -55	+0.317178869	-0.290662543
 -304	   +2	+0.167943358	-0.272937120
 -416	  -45	+0.608386486	-0.383075824
 -252	  -39	+0.083590197	-0.218297910
 -401	  -28	-0.385418256	-0.341757380
 -297	  -45	+0.933469649	-0.282846628
 -243	  -21	+0.830744346	-0.225282171
 -446	  -30	-0.677846614	-0.361316512
 -422	  -73	-0.562242500	-0.343322896
 -415	  -30	-0.431867428	-0.350752792
 -490	  -15	-0.685598315	-0.413432412
 -336	  -11	+0.463423566	-0.295527071
 -397	  -34	+0.765678884	-0.357746161
 -520	  -60	-0.179784539	-0.451677946
 -454	   +2	-0.659962767	-0.388138079
 -347	  -27	+0.968260750	-0.320550301
 -449	  -48	-0.063814203	-0.379417859
 -372	  -21	-0.259376812	-0.320390749
 -372	  -42	-0.840083010	-0.286903086
 -298	  -33	+0.874507889	-0.279552514
 -183	  +16	+0.364055300	-0.171726152
 -454	  -29	-0.642872402	-0.387162784
 -223	  -60	-0.754142888	-0.158022954
 -389	   +6	+0.860713523	-0.366883787
 -509	  -67	+0.796563616	-0.467317106
 -402	   +0	+0.072176275	-0.354832693
 -422	  +40	-0.177343059	-0.378556607
 -338	  -40	-0.207739494	-0.272897700
 -430	  -50	+0.617297891	-0.396431171
 -423	  +32	-0.592822047	-0.355491772
 -365	  -19	+0.616199225	-0.326361730
 -442	  +35	+0.981322672	-0.441020588
 -473	  -28	-0.900509659	-0.389963105
 -385	  -51	-0.894222846	-0.286131269
 -450	  -10	-0.646717734	-0.381891078
 -323	  +13	+0.130527665	-0.291742300
 -459	  -57	-0.309366131	-0.378279156
 -208	  -17	-0.593249306	-0.159371724
 -230	  -15	-0.354899747	-0.186466649
 -315	  +67	+0.383953368	-0.300247069
 -272	  -32	+0.701040681	-0.250005883
 -423	  -32	-0.966063417	-0.342188341
 -280	  +53	-0.243385113	-0.248673521
 -198	   -8	+0.418439283	-0.177663554
 -387	  -13	-0.230384228	-0.324521209
 -458	  -15	-0.491378521	-0.397097704
 -390	  +49	-0.002471999	-0.350673267
 -243	  -17	+0.579821162	-0.225286717
 -221	  -16	+0.008880886	-0.192290126
 -401	  -38	-0.267494736	-0.333001083
 -325	  -40	+0.432782983	-0.280454837
 -460	  -14	-0.477767266	-0.390632728
 -161	  -10	+0.012176885	-0.129372798
 -493	  -25	-0.401104770	-0.419396433
 -253	  -24	+0.334086123	-0.218125673
 -229	  +23	-0.844111454	-0.178302861
 -476	  -49	+0.591967528	-0.449431390
 -295	  -48	-0.887264626	-0.217766718
 -388	  -54	+0.843440046	-0.364360373
 -533	  -47	+0.305642872	-0.488847955
 -362	  -54	-0.849971007	-0.274489587
 -228	  -35	+0.059541612	-0.183243943
 -433	   +3	+0.527695547	-0.397123677
 -496	  +47	-0.057039094	-0.486387657
 -384	  -39	+0.009857479	-0.331731771
 -416	  -14	+0.390301218	-0.381249879
 -131	  -16	+0.836115604	-0.132690836
 -274	  -18	-0.907467879	-0.199613478
 -426	  -15	-0.059907834	-0.371789446
 -368	  -28	+0.020722068	-0.320253543
 -569	  +64	-0.656361583	-0.570803073
 -297	  -36	-0.282265694	-0.235569369
 -329	  -21	-0.525803400	-0.265954366
 -361	  +64	-0.291726432	-0.310971311
 -436	   -6	+0.700857570	-0.422007264
 -139	   -3	-0.353434858	-0.111905627
 -268	  -65	+0.717764824	-0.241204106
 -396	  -69	-0.790337840	-0.297694054
 -534	  -52	+0.530991546	-0.504508097
 -383	  -41	-0.077486496	-0.314650235
 -492	  +52	+0.881405072	-0.501704613
 -205	  +11	-0.424726096	-0.168740119
 -511	  -28	+0.769035920	-0.489643326
 -319	   -8	-0.013214515	-0.267507942
 -324	  -28	+0.224341563	-0.285529701
 -387	  -32	-0.196935942	-0.332507234
 -358	  -21	+0.562242500	-0.316194207
 -431	  -48	-0.110324412	-0.370133490
 -219	   -8	-0.040131840	-0.180996796
 -374	  -54	-0.424970244	-0.305902916
 -215	   -9	+0.971373638	-0.212082136
 -285	  -30	+0.492965484	-0.263461651
 -145	   +6	+0.096469008	-0.126250937
 -323	  -34	+0.366252632	-0.281749409
 -505	  +23	-0.911191137	-0.453558105
 -294	  +33	-0.501876888	-0.250511687
 -404	  -48	+0.441572314	-0.361428787
 -306	  -28	+0.311441389	-0.262198054
 -117	  +13	+0.125888852	-0.108873918
 -192	  +11	-0.841669973	-0.138350919
 -382	  -16	-0.897701956	-0.305050783
 -364	  -24	-0.587572863	-0.292305889
 -308	  -31	-0.409955138	-0.251194971
 -457	  -51	+0.193212683	-0.394905431
 -492	  -82	+0.939268166	-0.449963585
 -434	  -53	+0.765556810	-0.391906866
 -268	  +29	-0.694021424	-0.206810344
 -261	  -20	-0.321085238	-0.202840175
 -285	  -17	-0.364116337	-0.235279678
 -308	  -55	-0.221167638	-0.250804763
 -469	  -36	-0.800469985	-0.392660442
 -287	  -32	+0.784905545	-0.257165135
 -374	  +71	-0.372234260	-0.329884488
 -391	  -29	+0.675466170	-0.364233594
 -357	  -22	+0.191991943	-0.306324591
 -175	   +0	+0.148960845	-0.154183015
 -385	  +40	-0.943052461	-0.324358818
 -425	  +11	-0.702566607	-0.366722658
 -303	  -37	+0.088412122	-0.259837158
 -397	   -4	+0.135898923	-0.343890300
 -275	  -90	+0.361491745	-0.234162772
 -353	  -52	-0.092257454	-0.300133380
 -483	  -66	-0.079012421	-0.423001655
 -329	  -29	-0.417950987	-0.274024837
 -416	  -68	-0.443769646	-0.332443529
 -406	  -25	-0.847773675	-0.323823723
 -370	  -43	-0.419660024	-0.299683866
 -242	  +81	-0.351725822	-0.214294544
 -438	   +3	-0.178441725	-0.386654257
 -361	  -71	-0.577440718	-0.281976342
 -351	   -7	+0.299783319	-0.317521275
 -183	  -14	+0.322428053	-0.154741633
 -463	  -53	-0.956785791	-0.367427655
 -125	  -11	-0.371379742	-0.086613033
 -236	  -19	+0.033539842	-0.207515394
 -258	  -72	+0.163426618	-0.212569454
 -375	  -23	-0.781548509	-0.298418305
 -349	  -25	+0.198095645	-0.296015487
 -312	  -22	-0.591540269	-0.253964732
 -400	   +4	-0.229041414	-0.344753149
 -537	  +84	+0.669789727	-0.579250160
 -254	  -10	-0.535325175	-0.204379132
 -304	  +17	+0.396038697	-0.277960734
 -348	   +2	-0.689992981	-0.288525555
 -390	  -28	-0.058320872	-0.323811709
 -302	  -31	+0.651234474	-0.282875109
 -220	   -5	-0.334879604	-0.176694168
 -430	   -5	-0.344645528	-0.370800854
 -277	   +4	-0.813165685	-0.214707061
 -520	  -95	-0.202856532	-0.448256861
 -332	  -51	+0.168858913	-0.282294398
 -277	  -20	-0.313333537	-0.226858271
 -535	  -44	-0.460005493	-0.478981101
 -373	  -22	+0.129856258	-0.316191355
 -169	  +15	-0.538438063	-0.127015891
 -394	  +13	-0.504013184	-0.329492666
 -344	  -42	-0.772270882	-0.270382230
 -109	  -17	+0.266090884	-0.094802166
 -257	  -22	-0.476851711	-0.203583366
 -347	  -27	-0.761467330	-0.276184203
 -325	  -28	-0.986816004	-0.248954575
 -478	  +15	+0.413983581	-0.463979794
 -358	  -68	-0.075350200	-0.301748568
 -298	  -36	-0.929746391	-0.223586425
 -271	  -45	+0.767021699	-0.243675465
 -329	   +3	-0.749259926	-0.268997355
 -350	  -27	-0.528183844	-0.290149528
 -173	  +19	-0.433271279	-0.131918509
 -188	  -13	-0.417523728	-0.139506921
 -347	  -42	-0.234778893	-0.289252293
 -168	  -34	-0.434858242	-0.127353934
 -262	  -59	-0.597949156	-0.189167421
 -381	  -69	-0.837397382	-0.294078079
 -473	   -8	+0.449079867	-0.435290369
 -325	   +7	-0.259681997	-0.274168063
 -517	  -45	-0.388042848	-0.459707849
 -339	  +17	+0.856318857	-0.327765703
 -391	  -28	+0.549913022	-0.363875414
 -274	  +51	+0.507858516	-0.247741106
 -438	  -58	-0.952452162	-0.332034898
 -251	  +20	-0.985106967	-0.181080770
 -136	  +23	+0.773918882	-0.134451762
 -497	  -38	-0.321634571	-0.439964140
 -238	   -2	+0.632312998	-0.216510631
 -277	  +32	-0.451033052	-0.230693447
 -364	  -34	+0.552598651	-0.322593200
 -324	  -65	+0.450788903	-0.280599258
 -405	  -53	-0.043610950	-0.350240283
 -301	  -45	+0.929624317	-0.279045599
 -437	  -55	+0.925168615	-0.400412715
 -317	   +7	+0.288369396	-0.283390836
 -426	  -85	+0.868953520	-0.381186780
 -410	  -10	-0.855769524	-0.328721904
 -334	  +26	+0.830622272	-0.312536744
 -380	  -88	+0.994445631	-0.344261191
 -515	  -45	-0.369853816	-0.455134062
 -419	  -72	+0.402935881	-0.367765856
 -269	  -40	-0.252906888	-0.222046484
 -276	  +83	-0.897213660	-0.218441985
 -318	  -24	-0.930661946	-0.247973427
 -345	  -36	+0.969298379	-0.321525139
 -281	  -16	+0.510299997	-0.255818804
 -388	  -12	+0.961851863	-0.371230890
 -379	  +11	+0.349467452	-0.344450040
 -184	  +17	+0.065157018	-0.152361401
 -480	  -59	+0.290017396	-0.423030971
 -257	   +0	-0.366069521	-0.213416811
 -261	   -4	-0.145725883	-0.220544038
 -335	  +20	-0.196203497	-0.281674953
 -313	  -40	-0.383648183	-0.256870992
 -332	  -30	-0.645069735	-0.252397779
 -226	   +3	+0.093050935	-0.188909395
 -466	  -93	+0.166295358	-0.398674427
 -487	  -59	-0.668813135	-0.405813494
 -289	  -57	+0.893246254	-0.272851293
 -394	  -43	-0.769951476	-0.300518896
 -397	  -34	+0.804010132	-0.358329840
 -484	  -66	+0.349589526	-0.440324909
