0.2 0.5
ring -0.1  0.5  ( 255 160 120 120 )
sun   0.0  1.0  ( 255 255 255 255 )
ring  0.0  0.7  ( 255 225 170 170 )
flar  0.0  8.0  ( 255 173 131 138 )
crcl  0.3  0.25 ( 255 100 120 150 )
crcl  0.35 0.25 ( 255 145 110 100 )
crcl  0.5  0.07 ( 255  50  50 150 )
crcl  0.6  0.1  ( 255  80 150  80 )
crcl  0.65 0.3  ( 255 110  75  40 )
crcl  0.67 0.15 ( 255 110  75  40 )
ring  0.67 0.7  ( 255 110  75  40 )
hxgn  0.7  0.15 ( 255  48  87 111 )
ring  0.8  0.7  ( 200  30  50  20 )
ring  0.8  1.0  ( 200  30  50  40 )
